 Игорь, ||| [2.3199999999999976, 2.88] ||| 0.8936406175295512
 добрый ||| [2.9, 3.18] ||| 0.9505052268505096
 день. ||| [3.18, 3.36] ||| 0.9999244213104248
 Алло, ||| [5.639999999999995, 6.1999999999999975] ||| 0.9593673050403595
 слушаю. ||| [6.1999999999999975, 6.76] ||| 0.9488185942173004
 Алло, ||| [7.14, 7.7] ||| 0.9803734719753265
 здравствуйте, ||| [7.7, 8.12] ||| 0.995988517999649
 меня ||| [8.14, 8.32] ||| 0.97935950756073
 слышно? ||| [8.32, 8.68] ||| 0.999055415391922
 Слушаю, ||| [9.76, 10.32] ||| 0.8153722782929739
 слышу. ||| [10.32, 10.54] ||| 0.8428599834442139
 Прекрасно. ||| [11.06, 11.62] ||| 0.9974522143602371
 Я ||| [11.66, 12.06] ||| 0.9465740323066711
 представлюсь, ||| [12.06, 12.6] ||| 0.9981904625892639
 меня ||| [12.64, 12.74] ||| 0.8463053107261658
 зовут ||| [12.74, 12.88] ||| 0.9855707883834839
 Анастасия, ||| [12.88, 13.46] ||| 0.9991305112838745
 звоню ||| [13.52, 13.9] ||| 0.8719725608825684
 от ||| [13.9, 13.94] ||| 0.9998723268508911
 компании ||| [13.94, 14.3] ||| 0.9997310042381287
 OneWin. ||| [14.3, 14.88] ||| 0.8692609469095866
 Подкрытие ||| [15.08, 15.64] ||| 0.8680727005004882
 вам ||| [15.64, 15.72] ||| 0.9734575748443604
 сейчас ||| [15.72, 15.88] ||| 0.9999372959136963
 удобно ||| [15.88, 16.24] ||| 0.9998661577701569
 говорить? ||| [16.24, 16.44] ||| 0.995313286781311
 Не ||| [17.619999999999994, 18.179999999999996] ||| 0.9981840252876282
 особо. ||| [18.179999999999996, 18.74] ||| 0.9996944069862366
 Я ||| [19.16, 19.72] ||| 0.9997813105583191
 поняла. ||| [19.72, 20.06] ||| 0.9977971017360687
 Когда ||| [20.06, 20.18] ||| 0.9402621388435364
 могу ||| [20.18, 20.38] ||| 0.899561882019043
 признать, ||| [20.38, 20.7] ||| 0.8445856173833212
 что ||| [20.78, 20.86] ||| 0.9922858476638794
 пойдем ||| [20.86, 21.14] ||| 0.9178784787654877
 не ||| [21.14, 21.24] ||| 0.5978645086288452
 отвлекать? ||| [21.24, 21.56] ||| 0.8714260856310526
 Подкрыть, ||| [21.58, 21.86] ||| 0.9102670848369598
 пожалуйста. ||| [21.9, 22.04] ||| 0.9999784231185913
 Не ||| [23.6, 24.16] ||| 0.9996378421783447
 знаю. ||| [24.16, 24.48] ||| 0.9994126558303833
 Показать ||| [25.88, 26.44] ||| 0.5387943089008331
 можно ||| [26.44, 26.6] ||| 0.892358124256134
 не ||| [26.6, 26.78] ||| 0.2590499222278595
 сказать. ||| [26.78, 27.08] ||| 0.9832672476768494
 Я ||| [28.700000000000003, 29.060000000000002] ||| 0.23933520913124084
 вас ||| [29.060000000000002, 29.42] ||| 0.8454051613807678
 поняла. ||| [29.42, 29.86] ||| 0.9819554090499878
 Давайте ||| [29.94, 30.22] ||| 0.4503262937068939
 как ||| [30.22, 30.52] ||| 0.43226009607315063
 бы ||| [30.52, 30.66] ||| 0.8835319876670837
 заговорим. ||| [30.66, 30.94] ||| 0.6290957530339559
 Я ||| [30.96, 31.04] ||| 0.9884210824966431
 вообще ||| [31.04, 31.18] ||| 0.961076557636261
 в ||| [31.18, 31.28] ||| 0.9034483432769775
 самом ||| [31.28, 31.44] ||| 0.6241883039474487
 много ||| [31.44, 31.62] ||| 0.3312598764896393
 времени ||| [31.62, 31.88] ||| 0.9927369356155396
 у ||| [31.88, 32.02] ||| 0.701957106590271
 вас ||| [32.02, 32.12] ||| 0.9984793066978455
 не ||| [32.12, 32.24] ||| 0.9998162388801575
 займу, ||| [32.24, 32.48] ||| 0.9991120994091034
 буквально ||| [32.52, 32.88] ||| 0.9991967082023621
 2 ||| [32.88, 33.04] ||| 0.7035765647888184
 минуты. ||| [33.04, 33.48] ||| 0.9998823702335358
 Я ||| [33.58, 33.86] ||| 0.9945329427719116
 просто ||| [33.86, 34.04] ||| 0.9990648627281189
 хотела ||| [34.04, 34.26] ||| 0.9690320789813995
 сказать, ||| [34.26, 34.48] ||| 0.9350261092185974
 что ||| [34.52, 34.62] ||| 0.9991421699523926
 теперь ||| [34.62, 34.82] ||| 0.9222546815872192
 я ||| [34.82, 34.98] ||| 0.9985414743423462
 буду ||| [34.98, 35.06] ||| 0.9999053478240967
 являться ||| [35.06, 35.36] ||| 0.8086604277292887
 вашим ||| [35.36, 35.7] ||| 0.9990686476230621
 персональным ||| [35.7, 36.08] ||| 0.9511913359165192
 менеджером, ||| [36.08, 36.54] ||| 0.9966751486063004
 и ||| [36.6, 36.68] ||| 0.9993952512741089
 вы ||| [36.68, 36.72] ||| 0.998795747756958
 по ||| [36.72, 36.84] ||| 0.9985077977180481
 всем ||| [36.84, 36.98] ||| 0.9689764976501465
 вопросам ||| [36.98, 37.36] ||| 0.9943379461765289
 можете ||| [37.36, 37.54] ||| 0.9997912049293518
 ко ||| [37.54, 37.72] ||| 0.9985888600349426
 мне ||| [37.72, 37.82] ||| 0.9999755620956421
 обращаться. ||| [37.82, 38.26] ||| 0.9999743302663168
 Хорошо? ||| [38.42, 38.56] ||| 0.9906873106956482
 Подкрытие, ||| [41.26, 41.62] ||| 0.3277821643278003
 у ||| [41.62, 41.7] ||| 0.9995635151863098
 вас ||| [41.7, 41.8] ||| 0.9998873472213745
 на ||| [41.8, 42.0] ||| 0.9991552829742432
 этом ||| [42.0, 42.26] ||| 0.9984051585197449
 номере ||| [42.26, 42.56] ||| 0.9995185136795044
 есть ||| [42.56, 42.74] ||| 0.9996492862701416
 WhatsApp? ||| [42.74, 43.04] ||| 0.9460462331771851
 Могу ||| [43.34, 43.6] ||| 0.9992800752321879
 туда ||| [43.6, 43.74] ||| 0.7198464274406433
 отписаться ||| [43.74, 44.12] ||| 0.9820831616719564
 вам? ||| [44.12, 44.4] ||| 0.9708582162857056
 Отлично. ||| [47.22, 47.58] ||| 0.9294969141483307
 Тогда ||| [48.94, 49.3] ||| 0.593960702419281
 отпишусь ||| [49.3, 49.66] ||| 0.8974335193634033
 вам ||| [49.66, 49.78] ||| 0.9994468092918396
 туда. ||| [49.78, 49.96] ||| 0.9975093603134155
 Еще ||| [50.08, 50.24] ||| 0.9346994757652283
 хотела ||| [50.24, 50.54] ||| 0.754469245672226
 бы ||| [50.54, 50.62] ||| 0.9998666048049927
 вас ||| [50.62, 50.78] ||| 0.999755322933197
 порадовать ||| [50.78, 51.22] ||| 0.9998724261919657
 бонусом. ||| [51.22, 51.78] ||| 0.9998981803655624
 Он ||| [51.78, 51.94] ||| 0.9965423941612244
 будет ||| [51.94, 52.04] ||| 0.9999717473983765
 совершенно ||| [52.04, 52.46] ||| 0.9994837045669556
 бездепозитным. ||| [52.46, 53.42] ||| 0.9983591139316559
 И ||| [53.52, 53.88] ||| 0.9982014894485474
 тогда, ||| [53.88, 54.14] ||| 0.9867426156997681
 как ||| [54.2, 54.38] ||| 0.9990242719650269
 только ||| [54.38, 54.56] ||| 0.9997732043266296
 его ||| [54.56, 54.78] ||| 0.730610728263855
 сформирую, ||| [54.78, 55.36] ||| 0.9953423341115316
 также ||| [55.4, 55.58] ||| 0.756016194820404
 вам ||| [55.58, 55.78] ||| 0.871898353099823
 отправлю ||| [55.78, 56.34] ||| 0.9995205104351044
 на ||| [56.34, 56.5] ||| 0.9957478642463684
 WhatsApp. ||| [56.5, 56.98] ||| 0.9964504241943359
 Договорились? ||| [57.08, 57.64] ||| 0.6707277009263635
 Угу. ||| [58.2, 58.7] ||| 0.5869839116930962
 Отлично. ||| [59.52, 60.02] ||| 0.9777982831001282
 А ||| [60.16, 60.48] ||| 0.8595995903015137
 вы ||| [60.48, 60.7] ||| 0.7736249566078186
 что ||| [60.7, 60.98] ||| 0.8957211971282959
 бы ||| [60.98, 61.08] ||| 0.9758124947547913
 хотели ||| [61.08, 61.44] ||| 0.9943908452987671
 получить? ||| [61.44, 61.7] ||| 0.9847434759140015
 Его ||| [62.1, 62.46] ||| 0.9737575650215149
 в ||| [62.46, 62.56] ||| 0.9978370070457458
 виде ||| [62.56, 62.72] ||| 0.9996531009674072
 ваучера, ||| [62.72, 63.26] ||| 0.9856474548578262
 либо ||| [63.26, 63.48] ||| 0.9897195100784302
 же ||| [63.48, 63.62] ||| 0.9800547361373901
 фриспинами ||| [63.62, 64.24] ||| 0.8781518042087555
 на ||| [64.24, 64.8] ||| 0.8671512603759766
 слот? ||| [64.8, 65.1] ||| 0.6749928295612335
 Близко ||| [66.12, 66.62] ||| 0.3942805727322896
 разница. ||| [66.62, 67.12] ||| 0.7323606014251709
 Можно ||| [67.3, 67.7] ||| 0.8236085772514343
 ваучером. ||| [67.7, 68.2] ||| 0.8186366036534309
 Угу. ||| [69.08, 69.58] ||| 0.8434570133686066
 Хорошо. ||| [69.58, 70.08] ||| 0.9985492825508118
 Я ||| [70.26, 70.56] ||| 0.9986439347267151
 вас ||| [70.56, 70.7] ||| 0.9219106435775757
 поняла. ||| [70.7, 71.02] ||| 0.9998124837875366
 Как ||| [71.4, 71.9] ||| 0.9908251166343689
 уже ||| [71.9, 72.1] ||| 0.9798142313957214
 подсказала, ||| [72.1, 72.68] ||| 0.8328616172075272
 как ||| [72.68, 72.84] ||| 0.9455920457839966
 только ||| [72.84, 73.04] ||| 0.9988335967063904
 сформировал ||| [73.04, 73.5] ||| 0.5837132036685944
 для ||| [73.5, 73.58] ||| 0.9990072846412659
 вас ||| [73.58, 73.74] ||| 0.9959744811058044
 бонус, ||| [73.74, 74.06] ||| 0.9635730783144633
 отпишусь ||| [74.06, 74.42] ||| 0.5732485167682171
 туда. ||| [74.42, 74.58] ||| 0.9969868063926697
 Еще ||| [74.98, 75.48] ||| 0.8949480652809143
 раз, ||| [75.48, 75.74] ||| 0.9999350309371948
 больше ||| [75.74, 76.32] ||| 0.9979261159896851
 вас ||| [76.32, 76.46] ||| 0.8545532822608948
 не ||| [76.46, 76.6] ||| 0.9992520213127136
 отвлекаю. ||| [76.6, 77.1] ||| 0.9320982694625854
 Вам ||| [77.16, 77.34] ||| 0.9936417937278748
 спасибо ||| [77.34, 77.64] ||| 0.9997275471687317
 за ||| [77.64, 77.84] ||| 0.9932165741920471
 уделенное ||| [77.84, 78.06] ||| 0.6048926959435145
 время. ||| [78.06, 78.3] ||| 0.9997993111610413
 Если ||| [78.36, 78.54] ||| 0.9995835423469543
 что, ||| [78.54, 78.72] ||| 0.9774346351623535
 пишите ||| [78.76, 79.04] ||| 0.9980211853981018
 и ||| [79.04, 79.1] ||| 0.8191590309143066
 звоните. ||| [79.1, 79.42] ||| 0.9998981654644012
 Всего ||| [79.54, 79.92] ||| 0.9953294098377228
 доброго. ||| [79.92, 80.24] ||| 0.999670684337616
 До ||| [80.24, 80.36] ||| 0.998829185962677
 свидания. ||| [80.36, 80.66] ||| 0.9987221956253052
 Ага. ||| [80.74, 80.98] ||| 0.27438783273100853
