 Hello, ||| [0.9399999999999991, 1.48] ||| 0.5728769302368164
 good ||| [1.8, 2.06] ||| 0.8335525989532471
 afternoon. ||| [2.06, 2.34] ||| 0.9838796257972717
 Hello, ||| [3.52, 4.06] ||| 0.4551066756248474
 good ||| [4.08, 4.26] ||| 0.957687258720398
 afternoon. ||| [4.26, 4.48] ||| 0.9995813965797424
 Hello, ||| [4.78, 5.0] ||| 0.12656567990779877
 good ||| [5.0, 5.0] ||| 0.9811257123947144
 afternoon. ||| [5.0, 5.0] ||| 0.999808132648468
 Good ||| [5.86, 6.4] ||| 0.6496102809906006
 afternoon, ||| [6.4, 6.66] ||| 0.9926550388336182
 can ||| [6.92, 7.12] ||| 0.5124002695083618
 I ||| [7.12, 7.24] ||| 0.7404426336288452
 speak? ||| [7.24, 7.36] ||| 0.608892023563385
 My ||| [7.74, 8.28] ||| 0.79691481590271
 name ||| [8.28, 8.5] ||| 0.9974905252456665
 is ||| [8.5, 8.6] ||| 0.9804143905639648
 Samara, ||| [8.6, 9.24] ||| 0.9911695122718811
 I ||| [9.42, 9.74] ||| 0.6690104007720947
 am ||| [9.74, 10.02] ||| 0.6625972390174866
 one ||| [10.02, 10.28] ||| 0.7954984903335571
 of ||| [10.28, 10.36] ||| 0.9962182641029358
 the ||| [10.36, 10.5] ||| 0.9736984372138977
 managers ||| [10.5, 10.68] ||| 0.938595175743103
 here ||| [10.68, 11.04] ||| 0.5861725807189941
 at ||| [11.04, 11.18] ||| 0.4509887397289276
 Lucky ||| [11.18, 12.02] ||| 0.47810861468315125
 Star's ||| [12.02, 12.02] ||| 0.37107348442077637
 betting ||| [12.02, 12.02] ||| 0.5076305866241455
 company. ||| [12.02, 12.48] ||| 0.9665151238441467
 How ||| [13.1, 13.58] ||| 0.6618813872337341
 are ||| [13.58, 13.68] ||| 0.9134612679481506
 you? ||| [13.68, 13.84] ||| 0.989571213722229
 All ||| [15.56, 16.1] ||| 0.23196594417095184
 good. ||| [16.1, 16.3] ||| 0.7256544828414917
 I ||| [16.94, 17.48] ||| 0.9660651087760925
 am ||| [17.48, 17.7] ||| 0.5840756893157959
 getting ||| [17.7, 17.82] ||| 0.45418205857276917
 in ||| [17.82, 18.04] ||| 0.9257718920707703
 touch ||| [18.04, 18.38] ||| 0.9297991394996643
 with ||| [18.38, 18.68] ||| 0.9961322546005249
 some ||| [18.68, 18.94] ||| 0.9320823550224304
 clients ||| [18.94, 19.38] ||| 0.5673054456710815
 who ||| [19.38, 19.98] ||| 0.48853158950805664
 made ||| [19.98, 20.3] ||| 0.5950291156768799
 some ||| [20.3, 20.66] ||| 0.8843260407447815
 deposits ||| [20.66, 21.22] ||| 0.9670836329460144
 with ||| [21.22, 21.66] ||| 0.8092252612113953
 us ||| [21.66, 21.94] ||| 0.994318425655365
 here ||| [21.94, 22.2] ||| 0.8462711572647095
 on ||| [22.2, 22.4] ||| 0.5392864942550659
 the ||| [22.4, 22.7] ||| 0.9364755749702454
 platform. ||| [22.7, 23.0] ||| 0.9880301356315613
 And ||| [23.0, 23.76] ||| 0.03529079258441925
 these ||| [23.76, 24.4] ||| 0.11966680735349655
 deposits ||| [24.4, 24.84] ||| 0.8202576041221619
 were ||| [24.84, 25.34] ||| 0.1832936555147171
 generated ||| [25.34, 26.1] ||| 0.7714625000953674
 a ||| [26.1, 26.44] ||| 0.49589088559150696
 bonus ||| [26.44, 26.8] ||| 0.4233684837818146
 value, ||| [26.8, 27.38] ||| 0.7352767586708069
 but ||| [27.38, 27.76] ||| 0.7110884189605713
 you ||| [27.76, 28.16] ||| 0.908920168876648
 didn't ||| [28.16, 28.48] ||| 0.6451844871044159
 manage ||| [28.48, 28.64] ||| 0.19106775522232056
 to ||| [28.64, 28.98] ||| 0.9765123128890991
 use ||| [28.98, 29.38] ||| 0.4788520634174347
 this ||| [29.38, 30.06] ||| 0.37204545736312866
 bonus ||| [30.06, 30.4] ||| 0.9330791234970093
 and ||| [30.4, 30.64] ||| 0.6572564244270325
 it ||| [30.64, 30.76] ||| 0.8321434259414673
 is ||| [30.76, 30.96] ||| 0.39331209659576416
 about ||| [30.96, 31.04] ||| 0.3754262924194336
 to ||| [31.04, 31.18] ||| 0.9900155663490295
 be ||| [31.18, 31.28] ||| 0.9480061531066895
 canceled. ||| [31.28, 31.7] ||| 0.6693482995033264
 So ||| [32.38, 33.06] ||| 0.37748706340789795
 we ||| [33.06, 33.34] ||| 0.676528811454773
 are ||| [33.34, 33.62] ||| 0.7655093669891357
 getting ||| [33.62, 33.92] ||| 0.07684668898582458
 in ||| [33.92, 34.16] ||| 0.7911195158958435
 touch ||| [34.16, 34.38] ||| 0.7367388010025024
 with ||| [34.38, 34.84] ||| 0.9892738461494446
 you ||| [34.84, 35.1] ||| 0.7977718114852905
 clients ||| [35.1, 35.66] ||| 0.47896963357925415
 to ||| [35.66, 36.2] ||| 0.8316943645477295
 know ||| [36.2, 36.46] ||| 0.694840133190155
 if ||| [36.46, 36.68] ||| 0.932577908039093
 you ||| [36.68, 37.04] ||| 0.880256175994873
 saw ||| [37.04, 37.48] ||| 0.23062005639076233
 your ||| [37.48, 38.06] ||| 0.8727735280990601
 bonus ||| [38.06, 38.54] ||| 0.9182682037353516
 value ||| [38.54, 39.16] ||| 0.942596971988678
 on ||| [39.16, 39.26] ||| 0.15634967386722565
 the ||| [39.26, 39.52] ||| 0.9691378474235535
 platform ||| [39.52, 39.86] ||| 0.9825510382652283
 or ||| [39.86, 40.68] ||| 0.6510947346687317
 if ||| [40.68, 41.06] ||| 0.8404544591903687
 you ||| [41.06, 41.44] ||| 0.9759513139724731
 didn't ||| [41.44, 41.76] ||| 0.6638074070215225
 manage ||| [41.76, 42.0] ||| 0.9491038918495178
 to ||| [42.0, 42.36] ||| 0.987644374370575
 use ||| [42.36, 42.7] ||| 0.7221272587776184
 it. ||| [42.7, 43.48] ||| 0.8444458842277527
 No, ||| [44.52, 45.2] ||| 0.6051193475723267
 I ||| [45.32, 45.48] ||| 0.9492926001548767
 didn't ||| [45.48, 45.5] ||| 0.7923369705677032
 manage ||| [45.5, 45.72] ||| 0.24943001568317413
 to ||| [45.72, 45.94] ||| 0.5093622803688049
 use ||| [45.94, 45.96] ||| 0.33758795261383057
 it. ||| [45.96, 45.96] ||| 0.9092928171157837
 I ||| [45.96, 46.04] ||| 0.41495251655578613
 didn't ||| [46.04, 46.1] ||| 0.9472233057022095
 even ||| [46.1, 46.14] ||| 0.8799172043800354
 look ||| [46.14, 46.24] ||| 0.7237392067909241
 at ||| [46.24, 46.34] ||| 0.36294376850128174
 it. ||| [46.34, 46.38] ||| 0.9107949137687683
 So ||| [47.5, 48.18] ||| 0.8823256492614746
 you ||| [48.18, 48.5] ||| 0.8782129287719727
 didn't ||| [48.5, 49.04] ||| 0.686261460185051
 see ||| [49.04, 49.3] ||| 0.8293543457984924
 the ||| [49.3, 49.74] ||| 0.8720073699951172
 bonus ||| [49.74, 50.1] ||| 0.9091964960098267
 value, ||| [50.1, 50.6] ||| 0.9636366963386536
 right? ||| [50.6, 50.8] ||| 0.6160519123077393
 Yes. ||| [51.72, 52.4] ||| 0.5310489535331726
 Right. ||| [52.72, 52.98] ||| 0.10279413312673569
 Which ||| [53.760000000000005, 54.2] ||| 0.031218962743878365
 platform ||| [54.2, 54.64] ||| 0.8930486440658569
 is ||| [54.64, 54.78] ||| 0.6794911623001099
 it? ||| [54.78, 54.98] ||| 0.4192357659339905
 It ||| [56.08, 56.52] ||| 0.6461842656135559
 is ||| [56.52, 56.62] ||| 0.37976911664009094
 Lucky ||| [56.62, 56.98] ||| 0.028554026037454605
 Star. ||| [56.98, 57.58] ||| 0.2695755660533905
 Do ||| [57.82, 58.14] ||| 0.8816037774085999
 you ||| [58.14, 58.18] ||| 0.9966148734092712
 remember ||| [58.18, 58.56] ||| 0.5745211839675903
 which ||| [58.56, 58.9] ||| 0.28931522369384766
 platform ||| [58.9, 59.3] ||| 0.6267954111099243
 it ||| [59.3, 60.0] ||| 0.43849512934684753
 is? ||| [60.0, 60.0] ||| 0.9878276586532593
 I ||| [60.7, 61.14] ||| 0.7540252804756165
 don't ||| [61.14, 61.24] ||| 0.8462015092372894
 remember. ||| [61.24, 61.52] ||| 0.9036810994148254
 Do ||| [61.74, 61.78] ||| 0.4237809479236603
 you ||| [61.78, 61.82] ||| 0.9772341251373291
 have ||| [61.82, 61.92] ||| 0.5174357295036316
 any ||| [61.92, 62.06] ||| 0.25361260771751404
 way ||| [62.06, 62.08] ||| 0.5556149482727051
 to ||| [62.08, 62.14] ||| 0.7724769711494446
 send ||| [62.14, 62.26] ||| 0.8541764616966248
 it ||| [62.26, 62.3] ||| 0.3684198558330536
 to ||| [62.3, 62.36] ||| 0.5838101506233215
 me ||| [62.36, 62.44] ||| 0.5646967887878418
 on ||| [62.44, 62.44] ||| 0.3890022933483124
 WhatsApp? ||| [62.44, 62.6] ||| 0.8008561134338379
 I ||| [63.7, 64.14] ||| 0.3136417865753174
 have ||| [64.14, 64.48] ||| 0.3318175971508026
 a ||| [64.48, 64.54] ||| 0.49341699481010437
 meeting ||| [64.54, 64.8] ||| 0.9756744503974915
 here ||| [64.8, 65.08] ||| 0.5551159381866455
 and ||| [65.08, 65.18] ||| 0.33293473720550537
 I ||| [65.18, 65.34] ||| 0.7563996911048889
 won't ||| [65.34, 65.5] ||| 0.680804893374443
 be ||| [65.5, 65.64] ||| 0.9580886960029602
 able ||| [65.64, 65.74] ||| 0.989109992980957
 to ||| [65.74, 65.8] ||| 0.9966057538986206
 speak. ||| [65.8, 66.04] ||| 0.47825106978416443
 Is ||| [67.4, 67.84] ||| 0.5444502234458923
 there ||| [67.84, 68.06] ||| 0.9975489974021912
 any ||| [68.06, 68.24] ||| 0.7214666604995728
 other ||| [68.24, 68.4] ||| 0.9682853817939758
 time ||| [68.4, 68.62] ||| 0.7883630990982056
 I ||| [68.62, 68.92] ||| 0.3831647038459778
 could ||| [68.92, 69.14] ||| 0.5181061029434204
 return ||| [69.14, 69.82] ||| 0.31147730350494385
 to ||| [69.82, 70.16] ||| 0.7440588474273682
 you ||| [70.16, 70.4] ||| 0.9517333507537842
 just ||| [70.4, 70.78] ||| 0.27132564783096313
 to ||| [70.78, 70.94] ||| 0.8801541924476624
 be ||| [70.94, 71.2] ||| 0.5181224942207336
 able ||| [71.2, 71.2] ||| 0.9986289739608765
 to ||| [71.2, 71.3] ||| 0.9975218176841736
 pass ||| [71.3, 71.42] ||| 0.5701869130134583
 the ||| [71.42, 71.62] ||| 0.5272009372711182
 information? ||| [71.62, 71.88] ||| 0.9565514326095581
 After ||| [73.24000000000001, 73.68] ||| 0.7542369961738586
 6 ||| [73.68, 74.02] ||| 0.39701369404792786
 p ||| [74.02, 74.34] ||| 0.20645451545715332
.m. ||| [74.34, 74.34] ||| 0.9968038201332092
 After ||| [75.32000000000001, 75.76] ||| 0.42568305134773254
 6 ||| [75.76, 76.04] ||| 0.9644103646278381
 p ||| [76.04, 76.3] ||| 0.8891744017601013
.m. ||| [76.3, 76.3] ||| 0.9989905059337616
 I ||| [76.36, 76.5] ||| 0.949153482913971
 am ||| [76.5, 76.62] ||| 0.11415700614452362
 only ||| [76.62, 76.64] ||| 0.7472922801971436
 here ||| [76.64, 77.08] ||| 0.9831632971763611
 until ||| [77.08, 77.38] ||| 0.9561319947242737
 5 ||| [77.38, 77.7] ||| 0.7120880484580994
 p ||| [77.7, 78.3] ||| 0.04292953386902809
.m. ||| [78.3, 78.82] ||| 0.9992877840995789
 I ||| [78.82, 78.96] ||| 0.17887713015079498
 wouldn't ||| [78.96, 79.26] ||| 0.6726598143577576
 be ||| [79.26, 79.26] ||| 0.9262928366661072
 able ||| [79.26, 79.26] ||| 0.9926970601081848
 to ||| [79.26, 79.26] ||| 0.8815101385116577
 do ||| [79.26, 79.26] ||| 0.214900404214859
 it ||| [79.26, 79.26] ||| 0.4924519658088684
 until ||| [79.26, 79.26] ||| 0.48876869678497314
 this ||| [79.26, 79.44] ||| 0.6879340410232544
 time. ||| [79.44, 79.62] ||| 0.9690132141113281
 All ||| [81.42, 81.86] ||| 0.16604793071746826
 right, ||| [81.86, 82.06] ||| 0.9890783429145813
 all ||| [82.08, 82.28] ||| 0.5054939985275269
 right, ||| [82.28, 82.5] ||| 0.9987393021583557
 thank ||| [82.5, 82.64] ||| 0.570570170879364
 you. ||| [82.64, 82.8] ||| 0.9982201457023621
 All ||| [82.8, 83.42] ||| 0.018119391053915024
 right, ||| [83.42, 83.74] ||| 0.8680081963539124
 I ||| [83.74, 83.9] ||| 0.3885738253593445
 thank ||| [83.9, 84.14] ||| 0.5273474454879761
 you. ||| [84.14, 84.46] ||| 0.9977620840072632
 Bye, ||| [84.66, 85.06] ||| 0.6653351187705994
 bye. ||| [85.12, 85.24] ||| 0.9363770484924316
