 Hello? ||| [0.0, 0.46] ||| 0.5839943885803223
 Hello, ||| [1.1000000000000005, 1.62] ||| 0.7771050333976746
 good ||| [1.74, 2.04] ||| 0.9239439368247986
 afternoon! ||| [2.04, 2.36] ||| 0.97925865650177
 Good ||| [4.48, 5.0] ||| 0.887986421585083
 afternoon, ||| [5.0, 5.24] ||| 0.983032763004303
 how ||| [5.26, 5.42] ||| 0.20493781566619873
 are ||| [5.42, 5.5] ||| 0.9184726476669312
 you? ||| [5.5, 5.54] ||| 0.9890985488891602
 Pleasure! ||| [6.2, 6.72] ||| 0.6240416467189789
 Pleasure, ||| [7.540000000000001, 8.06] ||| 0.6096049025654793
 my ||| [8.24, 8.46] ||| 0.9708216786384583
 name ||| [8.46, 8.62] ||| 0.9988693594932556
 is ||| [8.62, 8.74] ||| 0.9761399626731873
 Fábio. ||| [8.74, 9.24] ||| 0.8627895911534628
 I ||| [9.42, 9.94] ||| 0.9826828241348267
 am ||| [9.94, 10.1] ||| 0.6343193650245667
 the ||| [10.1, 10.26] ||| 0.8269218802452087
 manager ||| [10.26, 10.34] ||| 0.4635567367076874
 of ||| [10.34, 10.58] ||| 0.9695772528648376
 the ||| [10.58, 10.72] ||| 0.8681814670562744
 website, ||| [10.72, 11.12] ||| 0.26938414573669434
 platform ||| [11.3, 11.58] ||| 0.41214248538017273
 of ||| [11.58, 12.14] ||| 0.6720383763313293
 casino ||| [12.14, 12.7] ||| 0.8311117887496948
 games, ||| [12.7, 13.44] ||| 0.976733922958374
 Lucky ||| [13.44, 14.18] ||| 0.7118456959724426
 Star. ||| [14.18, 14.86] ||| 0.8702206611633301
 How ||| [15.12, 15.5] ||| 0.6698371171951294
 are ||| [15.5, 15.7] ||| 0.9499868154525757
 you? ||| [15.7, 15.82] ||| 0.9964634776115417
 Where ||| [18.84, 19.36] ||| 0.8254754543304443
 are ||| [19.36, 19.36] ||| 0.9623633027076721
 you ||| [19.36, 19.4] ||| 0.9983035326004028
 from? ||| [19.4, 19.52] ||| 0.9758483171463013
 My ||| [21.04, 21.56] ||| 0.9714221358299255
 name ||| [21.56, 21.8] ||| 0.9991323351860046
 is ||| [21.8, 21.94] ||| 0.9956574440002441
 Fábio, ||| [21.94, 22.32] ||| 0.9797501365343729
 right? ||| [22.38, 22.5] ||| 0.7703271508216858
 I ||| [22.76, 23.04] ||| 0.9849306344985962
 am ||| [23.04, 23.2] ||| 0.8876382112503052
 the ||| [23.2, 23.26] ||| 0.9605584740638733
 manager ||| [23.26, 23.48] ||| 0.9498088359832764
 of ||| [23.48, 23.72] ||| 0.9972688555717468
 the ||| [23.72, 23.84] ||| 0.9835991859436035
 website, ||| [23.84, 24.26] ||| 0.6758584976196289
 casino ||| [24.54, 25.4] ||| 0.46517980098724365
 games ||| [25.4, 25.72] ||| 0.6150927543640137
 platform, ||| [25.72, 27.22] ||| 0.8578407168388367
 Lucky ||| [27.22, 28.28] ||| 0.9863958358764648
 Star. ||| [28.28, 29.02] ||| 0.9933891296386719
 How ||| [29.02, 29.66] ||| 0.015012170188128948
 are ||| [29.66, 29.74] ||| 0.1671084612607956
 you? ||| [29.74, 29.92] ||| 0.9852743148803711
 Good! ||| [31.04, 31.56] ||| 0.3888173997402191
 Wonderful, ||| [33.48, 34.0] ||| 0.6208369135856628
 it's ||| [34.38, 34.56] ||| 0.5014370158314705
 good ||| [34.56, 34.72] ||| 0.6907760500907898
 that ||| [34.72, 35.02] ||| 0.6095203757286072
 you ||| [35.02, 35.1] ||| 0.5647674798965454
 continue ||| [35.1, 35.48] ||| 0.21935398876667023
 like ||| [35.48, 35.74] ||| 0.6347481608390808
 this, ||| [35.74, 35.92] ||| 0.7724143862724304
 right? ||| [36.02, 36.14] ||| 0.6831135749816895
 The ||| [36.32, 36.84] ||| 0.8273884654045105
 reason ||| [36.84, 37.06] ||| 0.9833138585090637
 for ||| [37.06, 37.32] ||| 0.328266441822052
 my ||| [37.32, 37.56] ||| 0.9483348727226257
 contact ||| [37.56, 38.06] ||| 0.9486792683601379
 with ||| [38.06, 38.38] ||| 0.8423998951911926
 you ||| [38.38, 38.56] ||| 0.9690889120101929
 is ||| [38.56, 39.04] ||| 0.9034891724586487
 to ||| [39.04, 39.2] ||| 0.1959187388420105
 explain ||| [39.2, 40.54] ||| 0.5999295711517334
 to ||| [40.54, 41.78] ||| 0.7643188238143921
 you ||| [41.78, 42.28] ||| 0.8723021745681763
 our ||| [42.28, 43.18] ||| 0.5415233969688416
 bonuses ||| [43.18, 44.26] ||| 0.8720587491989136
 and ||| [44.26, 44.62] ||| 0.9884445667266846
 benefits ||| [44.62, 44.96] ||| 0.9825133085250854
 that ||| [44.96, 45.52] ||| 0.5337295532226562
 are ||| [45.52, 45.86] ||| 0.8569227457046509
 available ||| [45.86, 46.48] ||| 0.9863002896308899
 on ||| [46.48, 47.32] ||| 0.7302915453910828
 our ||| [47.32, 47.56] ||| 0.9866179823875427
 platform. ||| [47.56, 48.12] ||| 0.9494776129722595
 I'm ||| [48.46, 48.74] ||| 0.3483535200357437
 not ||| [48.74, 48.92] ||| 0.8443583250045776
 interested ||| [48.92, 49.16] ||| 0.9903608560562134
 in ||| [49.16, 49.32] ||| 0.3960524797439575
 that ||| [49.32, 49.44] ||| 0.25597038865089417
 name, ||| [49.44, 49.54] ||| 0.30011579394340515
 thank ||| [49.58, 49.74] ||| 0.7042649388313293
 you! ||| [49.74, 49.92] ||| 0.9931574463844299
 You ||| [50.86, 51.38] ||| 0.4077489674091339
 have ||| [51.38, 51.54] ||| 0.4283110499382019
 made ||| [51.54, 52.08] ||| 0.21611401438713074
 a ||| [52.08, 52.32] ||| 0.9445773363113403
 record. ||| [52.32, 52.48] ||| 0.09807418286800385
