 Hello ||| [0.8799999999999997, 1.36] ||| 0.341357946395874
 Good ||| [4.34, 4.82] ||| 0.3552267551422119
 afternoon ||| [4.82, 5.16] ||| 0.5419050455093384
 sir, ||| [5.16, 5.4] ||| 0.49232202768325806
 Amit ||| [5.48, 5.6] ||| 0.6685242652893066
 here, ||| [5.6, 6.04] ||| 0.5746159553527832
 I ||| [6.06, 6.14] ||| 0.34120577573776245
 have ||| [6.14, 6.16] ||| 0.4602663218975067
 called ||| [6.16, 6.16] ||| 0.6467514634132385
 from ||| [6.16, 6.16] ||| 0.60001540184021
 Lucky ||| [6.16, 6.26] ||| 0.8180919885635376
 Star ||| [6.26, 6.5] ||| 0.6306796073913574
 Gaming ||| [6.5, 6.7] ||| 0.8291096687316895
 Company ||| [6.7, 7.1] ||| 0.7735703587532043
 This ||| [8.1, 8.58] ||| 0.255121648311615
 call ||| [8.58, 8.82] ||| 0.7577958703041077
 is ||| [8.82, 8.94] ||| 0.4652082920074463
 about ||| [8.94, 9.04] ||| 0.34441158175468445
 your ||| [9.04, 9.18] ||| 0.7086823582649231
 valuable ||| [9.18, 9.44] ||| 0.3594944179058075
 feedback ||| [9.44, 9.8] ||| 0.8992016315460205
 and ||| [9.8, 9.98] ||| 0.11855076998472214
 bonuses ||| [9.98, 10.4] ||| 0.6686914563179016
 So, ||| [11.34, 11.82] ||| 0.16894418001174927
 I ||| [11.82, 12.3] ||| 0.33052125573158264
 can ||| [12.3, 12.34] ||| 0.40460294485092163
 know ||| [12.34, 12.46] ||| 0.34088948369026184
 that ||| [12.46, 12.66] ||| 0.25090330839157104
 you ||| [12.66, 12.94] ||| 0.5850881934165955
 are ||| [12.94, 12.94] ||| 0.4347822666168213
 not ||| [12.94, 13.32] ||| 0.7114887237548828
 having ||| [13.32, 13.44] ||| 0.4169483780860901
 any ||| [13.44, 13.52] ||| 0.5675031542778015
 issues ||| [13.52, 13.52] ||| 0.7738119959831238
 in ||| [13.52, 13.66] ||| 0.4170576333999634
 playing ||| [13.66, 13.82] ||| 0.530993640422821
 games ||| [13.82, 14.42] ||| 0.38022181391716003
 or ||| [14.42, 14.56] ||| 0.5737700462341309
 in ||| [14.56, 14.68] ||| 0.21976061165332794
 withdrawing ||| [14.68, 15.0] ||| 0.6350211054086685
 or ||| [15.0, 15.12] ||| 0.6594390273094177
 depositing ||| [15.12, 15.46] ||| 0.6942765861749649
 What? ||| [16.759999999999998, 17.24] ||| 0.05522964149713516
 Sir, ||| [18.58, 19.06] ||| 0.6936748027801514
 you ||| [19.14, 19.3] ||| 0.5906645655632019
 have ||| [19.3, 19.38] ||| 0.8036934733390808
 recently ||| [19.38, 19.48] ||| 0.8770620226860046
 registered ||| [19.48, 19.86] ||| 0.8251425623893738
 at ||| [19.86, 19.86] ||| 0.3449878990650177
 Lucky ||| [19.86, 20.06] ||| 0.919907808303833
 Star ||| [20.06, 20.3] ||| 0.9482478499412537
 Gaming ||| [20.3, 20.48] ||| 0.9637923836708069
 Company ||| [20.48, 20.9] ||| 0.9449310898780823
 to ||| [20.9, 21.34] ||| 0.3783529996871948
 play ||| [21.34, 22.18] ||| 0.9830557107925415
 games ||| [22.18, 22.18] ||| 0.42869606614112854
 like ||| [22.18, 22.78] ||| 0.44282227754592896
 Play ||| [22.78, 23.06] ||| 0.0926964059472084
'n ||| [23.06, 23.12] ||| 0.6005892604589462
 Crash, ||| [23.12, 23.32] ||| 0.8289238214492798
 GameGames, ||| [23.46, 24.14] ||| 0.29553690552711487
 and ||| [24.14, 24.24] ||| 0.1616864949464798
 Aviator ||| [24.24, 24.82] ||| 0.9302490055561066
 Right ||| [24.82, 25.28] ||| 0.517090916633606
 sir? ||| [25.28, 25.52] ||| 0.491293340921402
 Sir, ||| [26.380000000000003, 27.02] ||| 0.07870037108659744
 I ||| [27.16, 27.34] ||| 0.3982650935649872
 played ||| [27.34, 27.34] ||| 0.313759982585907
 the ||| [27.34, 27.34] ||| 0.1942039132118225
 first ||| [27.34, 27.68] ||| 0.15470318496227264
 game ||| [27.68, 28.12] ||| 0.7133497595787048
 and ||| [28.12, 28.14] ||| 0.6304544806480408
 I ||| [28.14, 28.34] ||| 0.46071943640708923
 have ||| [28.34, 28.56] ||| 0.05372239276766777
 deleted ||| [28.56, 28.84] ||| 0.6371702551841736
 it ||| [28.84, 29.52] ||| 0.436916321516037
 Sir, ||| [29.52, 30.26] ||| 0.035549961030483246
 why ||| [30.88, 31.28] ||| 0.37812167406082153
 sir? ||| [31.28, 31.44] ||| 0.25294724106788635
 Were ||| [31.6, 31.82] ||| 0.10488171130418777
 you ||| [31.82, 31.82] ||| 0.3671737313270569
 having ||| [31.82, 31.82] ||| 0.08422569185495377
 any ||| [31.82, 31.82] ||| 0.20584043860435486
 issues? ||| [31.82, 32.0] ||| 0.8392913341522217
 Currently, ||| [32.38, 32.98] ||| 0.6258205771446228
 many ||| [33.52, 33.96] ||| 0.46003299951553345
 bonuses ||| [33.96, 34.42] ||| 0.8040674924850464
 have ||| [34.42, 34.52] ||| 0.4429072439670563
 been ||| [34.52, 34.56] ||| 0.9632879495620728
 activated ||| [34.56, 35.04] ||| 0.7731786370277405
 In ||| [35.04, 35.5] ||| 0.16553398966789246
 which ||| [35.5, 35.76] ||| 0.6710981726646423
 you ||| [35.76, 36.02] ||| 0.37377530336380005
 were ||| [36.02, 36.02] ||| 0.6753849387168884
 getting ||| [36.02, 36.02] ||| 0.9426731467247009
 a ||| [36.02, 36.02] ||| 0.44532546401023865
 cashback ||| [36.02, 36.08] ||| 0.828660398721695
 of ||| [36.08, 36.08] ||| 0.8925137519836426
 500 ||| [36.08, 36.08] ||| 0.476649671792984
% ||| [36.08, 36.82] ||| 0.5687803030014038
 or ||| [36.82, 36.82] ||| 0.22842416167259216
 up ||| [36.82, 36.98] ||| 0.36671581864356995
 to ||| [36.98, 37.06] ||| 0.5423175096511841
 30 ||| [37.06, 37.28] ||| 0.9903919696807861
% ||| [37.28, 37.6] ||| 0.9300976991653442
 In ||| [38.260000000000005, 38.9] ||| 0.24340280890464783
 which ||| [38.9, 39.22] ||| 0.8844408392906189
 you ||| [39.22, 39.36] ||| 0.7229712605476379
 were ||| [39.36, 39.36] ||| 0.6681310534477234
 getting ||| [39.36, 39.36] ||| 0.5953540802001953
 lucky ||| [39.36, 39.44] ||| 0.6227665543556213
 coins ||| [39.44, 39.78] ||| 0.966305136680603
 So, ||| [40.519999999999996, 40.92] ||| 0.3521462082862854
 were ||| [41.28, 41.9] ||| 0.8627552390098572
 you ||| [41.9, 41.9] ||| 0.934581995010376
 having ||| [41.9, 41.9] ||| 0.9707645177841187
 any ||| [41.9, 41.9] ||| 0.8505509495735168
 issues ||| [41.9, 42.02] ||| 0.8976296782493591
 that ||| [42.02, 42.6] ||| 0.24552226066589355
 you ||| [42.6, 42.88] ||| 0.9801775217056274
 have ||| [42.88, 43.04] ||| 0.809206485748291
 uninstalled? ||| [43.04, 43.74] ||| 0.9306622942288717
 No ||| [46.06, 46.7] ||| 0.41009214520454407
 sir, ||| [46.7, 46.96] ||| 0.3520999550819397
 I ||| [46.96, 47.38] ||| 0.4101008176803589
 was ||| [47.38, 47.44] ||| 0.8120594024658203
 getting ||| [47.44, 47.66] ||| 0.1645680069923401
 loss ||| [47.66, 48.06] ||| 0.166259765625
 in ||| [48.06, 48.62] ||| 0.1413966715335846
 the ||| [48.62, 48.64] ||| 0.5081602334976196
 game ||| [48.64, 48.64] ||| 0.7945802807807922
 Sorry ||| [50.32000000000001, 50.96000000000001] ||| 0.5796810984611511
 sir? ||| [50.96000000000001, 51.6] ||| 0.8236896991729736
 I ||| [52.980000000000004, 53.62] ||| 0.3969273567199707
 was ||| [53.62, 53.78] ||| 0.9145452976226807
 getting ||| [53.78, 53.78] ||| 0.9379798769950867
 loss ||| [53.78, 53.9] ||| 0.8461613059043884
 in ||| [53.9, 54.7] ||| 0.7707412838935852
 the ||| [54.7, 54.92] ||| 0.3275521993637085
 game ||| [54.92, 54.94] ||| 0.9711009860038757
 So, ||| [55.52, 56.04] ||| 0.015082396566867828
 you ||| [56.04, 56.04] ||| 0.25971463322639465
 were ||| [56.04, 56.04] ||| 0.022820107638835907
 getting ||| [56.04, 56.04] ||| 0.15068405866622925
 loss ||| [56.04, 56.06] ||| 0.43480604887008667
 in ||| [56.06, 57.94] ||| 0.0767866000533104
 the ||| [57.94, 57.94] ||| 0.0732676237821579
 game ||| [57.94, 57.94] ||| 0.32711607217788696
 Ok ||| [57.94, 58.1] ||| 0.011029812507331371
 ok ||| [58.1, 58.58] ||| 0.12380820512771606
 Sir, ||| [58.58, 59.28] ||| 0.4611460268497467
 what ||| [59.36, 59.58] ||| 0.5822232961654663
 amount ||| [59.58, 59.62] ||| 0.35732337832450867
 did ||| [59.62, 59.62] ||| 0.41871607303619385
 you ||| [59.62, 59.64] ||| 0.9864610433578491
 deposit ||| [59.64, 60.2] ||| 0.8421329259872437
 to ||| [60.2, 61.42] ||| 0.4345340132713318
 play ||| [61.42, 61.72] ||| 0.928011417388916
 the ||| [61.72, 62.14] ||| 0.682783305644989
 game? ||| [62.14, 62.14] ||| 0.9153414964675903
 What? ||| [62.5, 63.06] ||| 0.12293495237827301
 What ||| [63.06, 63.58] ||| 0.5020163059234619
 amount ||| [63.58, 63.64] ||| 0.4482876658439636
 did ||| [63.64, 64.14] ||| 0.8728761672973633
 you ||| [64.14, 64.24] ||| 0.99186110496521
 deposit ||| [64.24, 64.42] ||| 0.9862009882926941
 to ||| [64.42, 64.96] ||| 0.714687705039978
 play ||| [64.96, 65.0] ||| 0.9822136163711548
 the ||| [65.0, 65.44] ||| 0.9607735276222229
 game? ||| [65.44, 65.48] ||| 0.9920056462287903
 Yes ||| [66.86, 67.42] ||| 0.33239617943763733
 But ||| [68.96, 69.52] ||| 0.42542576789855957
 no ||| [69.52, 69.84] ||| 0.4472039043903351
 sir, ||| [69.84, 70.06] ||| 0.7249307632446289
 you ||| [70.14, 70.8] ||| 0.2317502498626709
 have ||| [70.8, 70.88] ||| 0.12115500867366791
 not ||| [70.88, 71.04] ||| 0.955053985118866
 deposited ||| [71.04, 71.08] ||| 0.7872757315635681
 any ||| [71.08, 71.08] ||| 0.9396935701370239
 amount ||| [71.08, 71.38] ||| 0.9699815511703491
 recently ||| [71.38, 71.82] ||| 0.8165391683578491
 Sir, ||| [71.82, 72.16] ||| 0.35124173760414124
 you ||| [72.28, 72.34] ||| 0.5072629451751709
 are ||| [72.34, 72.4] ||| 0.81464022397995
 talking ||| [72.4, 72.4] ||| 0.963187038898468
 about ||| [72.4, 72.4] ||| 0.9350903630256653
 any ||| [72.4, 72.5] ||| 0.27112865447998047
 other ||| [72.5, 72.72] ||| 0.97698974609375
 platform? ||| [72.72, 73.1] ||| 0.934866726398468
 Sir, ||| [75.82, 76.38] ||| 0.4479958117008209
 please ||| [76.38, 76.94] ||| 0.31493449211120605
 share ||| [76.94, 77.12] ||| 0.9296273589134216
 the ||| [77.12, 77.12] ||| 0.8882991671562195
 link ||| [77.12, 77.36] ||| 0.9674950838088989
 and ||| [77.36, 77.46] ||| 0.22451111674308777
 I ||| [77.46, 78.08] ||| 0.7828624248504639
 will ||| [78.08, 78.18] ||| 0.8628632426261902
 check ||| [78.18, 78.46] ||| 0.33072829246520996
 it ||| [78.46, 78.56] ||| 0.4056727886199951
 again, ||| [78.56, 79.02] ||| 0.23106105625629425
 I ||| [79.02, 79.16] ||| 0.6175298094749451
 have ||| [79.16, 79.26] ||| 0.1354234516620636
 deleted ||| [79.26, 79.6] ||| 0.4434049129486084
 it ||| [79.6, 79.92] ||| 0.6824647188186646
 I ||| [80.44, 80.72] ||| 0.1634329855442047
 will ||| [80.72, 82.3] ||| 0.26644688844680786
 share ||| [82.3, 82.66] ||| 0.9647994637489319
 the ||| [82.66, 82.74] ||| 0.8528052568435669
 link ||| [82.74, 82.94] ||| 0.9897186756134033
 with ||| [82.94, 83.08] ||| 0.23264414072036743
 you ||| [83.08, 83.42] ||| 0.9935073852539062
 But ||| [83.42, 83.72] ||| 0.23285332322120667
 before ||| [83.72, 84.04] ||| 0.7013757824897766
 that ||| [84.04, 84.38] ||| 0.953395664691925
 sir, ||| [84.38, 84.48] ||| 0.44029080867767334
 what ||| [84.66, 84.66] ||| 0.5239992141723633
 is ||| [84.66, 84.8] ||| 0.8551650047302246
 it? ||| [84.8, 84.9] ||| 0.32981640100479126
 Sir, ||| [84.9, 85.22] ||| 0.04245389625430107
 I ||| [85.22, 85.22] ||| 0.3812919855117798
 have ||| [85.22, 85.22] ||| 0.2573222815990448
 called ||| [85.22, 85.22] ||| 0.6150394082069397
 you ||| [85.22, 85.22] ||| 0.5584364533424377
 for ||| [85.22, 85.22] ||| 0.48670443892478943
 the ||| [85.22, 85.22] ||| 0.5259750485420227
 bonuses ||| [85.22, 85.5] ||| 0.02519490197300911
 which ||| [85.5, 85.72] ||| 0.2744639813899994
 were ||| [85.72, 85.72] ||| 0.5050126910209656
 activated ||| [85.72, 86.28] ||| 0.39801061153411865
 Sir, ||| [86.28, 87.24] ||| 0.04859642684459686
 I ||| [87.7, 87.74] ||| 0.5702148675918579
 have ||| [87.74, 87.9] ||| 0.29763495922088623
 called ||| [87.9, 87.96] ||| 0.9885807633399963
 you ||| [87.96, 88.2] ||| 0.9168663024902344
 for ||| [88.2, 88.38] ||| 0.9547930955886841
 the ||| [88.38, 88.38] ||| 0.9681817293167114
 bonuses ||| [88.38, 88.38] ||| 0.9978058934211731
 which ||| [88.38, 88.38] ||| 0.9942828416824341
 were ||| [88.38, 88.38] ||| 0.9982193112373352
 activated ||| [88.38, 88.38] ||| 0.9990921020507812
 So, ||| [88.38, 88.44] ||| 0.07744613289833069
 I ||| [88.5, 88.8] ||| 0.4321746230125427
 will ||| [88.8, 88.92] ||| 0.6226481795310974
 tell ||| [88.92, 89.14] ||| 0.5525301098823547
 you ||| [89.14, 89.4] ||| 0.9416268467903137
 that ||| [89.4, 89.58] ||| 0.1605340540409088
 you ||| [89.58, 90.08] ||| 0.7725909352302551
 can ||| [90.08, 90.3] ||| 0.4730684161186218
 relate ||| [90.3, 90.56] ||| 0.7637523412704468
 it ||| [90.56, 91.0] ||| 0.12173385918140411
 well ||| [91.0, 91.2] ||| 0.374272882938385
 and ||| [91.2, 91.24] ||| 0.5370712280273438
 you ||| [91.24, 91.74] ||| 0.7869998216629028
 can ||| [91.74, 92.06] ||| 0.6548663973808289
 play ||| [92.06, 92.3] ||| 0.38304275274276733
 it ||| [92.3, 92.66] ||| 0.5035901665687561
 and ||| [92.66, 92.68] ||| 0.24800071120262146
 use ||| [92.68, 92.84] ||| 0.7169960141181946
 it ||| [92.84, 93.04] ||| 0.9800513982772827
 So, ||| [93.04, 93.66] ||| 0.32962992787361145
 please ||| [94.18, 94.24] ||| 0.10003916919231415
 tell ||| [94.24, 94.34] ||| 0.7328855395317078
 me ||| [94.34, 94.34] ||| 0.6171750426292419
 your ||| [94.34, 94.34] ||| 0.9153713583946228
 good ||| [94.34, 94.34] ||| 0.6618610620498657
 name ||| [94.34, 94.34] ||| 0.9477809071540833
 in ||| [94.34, 94.34] ||| 0.24941536784172058
 the ||| [94.34, 94.34] ||| 0.37959563732147217
 account ||| [94.34, 94.6] ||| 0.9556832313537598
 verification ||| [94.6, 95.0] ||| 0.9605004191398621
 Sir, ||| [95.8, 96.32] ||| 0.10822237282991409
 what ||| [96.4, 96.52] ||| 0.5446580052375793
 will ||| [96.52, 96.52] ||| 0.5358968377113342
 be ||| [96.52, 96.52] ||| 0.9504825472831726
 your ||| [96.52, 96.52] ||| 0.98264080286026
 good ||| [96.52, 96.7] ||| 0.9350166916847229
 name? ||| [96.7, 96.88] ||| 0.9913853406906128
 My ||| [99.36, 99.88] ||| 0.49840885400772095
 good ||| [99.88, 100.36] ||| 0.7842788100242615
 name ||| [100.36, 101.0] ||| 0.993349015712738
 is ||| [101.0, 101.26] ||| 0.9451237916946411
 Motilal ||| [101.26, 102.14] ||| 0.7113418281078339
 Sorry ||| [103.0, 103.52] ||| 0.43817898631095886
 sir? ||| [103.52, 103.86] ||| 0.33043280243873596
 My ||| [106.04, 106.56] ||| 0.21199893951416016
 good ||| [106.56, 106.76] ||| 0.9617531299591064
 name ||| [106.76, 106.76] ||| 0.9998821020126343
 is ||| [106.76, 106.76] ||| 0.9981346130371094
 Motilal ||| [106.76, 107.14] ||| 0.9960436224937439
 What ||| [107.14, 107.34] ||| 0.003915783017873764
 will ||| [107.34, 107.34] ||| 0.34618106484413147
 be ||| [107.34, 107.34] ||| 0.9135837554931641
 the ||| [107.34, 107.34] ||| 0.33257240056991577
 name ||| [107.34, 107.42] ||| 0.986233115196228
 of ||| [107.42, 107.64] ||| 0.6210287809371948
 Motilal? ||| [107.64, 107.66] ||| 0.9764843980471293
 Bachchulal ||| [109.60000000000001, 110.12] ||| 0.6034580320119858
 Hello ||| [112.72, 113.24] ||| 0.77828449010849
 Hello ||| [113.24, 113.4] ||| 0.021406520158052444
 Shut ||| [113.4, 114.04] ||| 3.435702092247084e-05
 how ||| [114.04, 114.26] ||| 4.205132063361816e-05
 will ||| [114.26, 114.68] ||| 0.0063753509894013405
 you ||| [114.68, 114.68] ||| 0.19801537692546844
 tell ||| [114.68, 114.68] ||| 0.05721011385321617
 us? ||| [114.68, 114.68] ||| 0.024091189727187157
 Your ||| [114.68, 115.04] ||| 0.06550478935241699
 name? ||| [115.04, 115.04] ||| 0.6497368216514587
 Moti ||| [116.54, 117.38] ||| 0.24951394647359848
 Done ||| [117.38, 117.62] ||| 4.2689744077506475e-06
 Jackson ||| [119.28, 120.12] ||| 3.315846697660163e-06
 Sorry ||| [120.12, 120.62] ||| 0.0008445365820080042
 lotta ||| [120.62, 121.32] ||| 1.0151012247661129e-05
 second ||| [121.32, 122.2] ||| 0.00010680915875127539
 Did ||| [122.2, 123.06] ||| 0.0002228007942903787
 not ||| [123.06, 123.42] ||| 0.062186211347579956
 enter ||| [123.42, 123.42] ||| 0.0020771410781890154
 Next ||| [127.57999999999998, 128.42] ||| 0.0004255212261341512
 I ||| [128.42, 129.08] ||| 0.010406374000012875
 mean ||| [129.08, 129.46] ||| 0.0037684885319322348
 Madan ||| [129.46, 129.6] ||| 0.020833600694686538
 Bada ||| [129.6, 130.5] ||| 0.004665800370275974
 Jaya ||| [130.5, 130.56] ||| 0.008678242738824338
 Sir, ||| [130.56, 130.56] ||| 0.023938264697790146
 he ||| [130.66, 130.7] ||| 0.009917979128658772
 has ||| [130.7, 130.8] ||| 0.06510209292173386
 not ||| [130.8, 130.98] ||| 0.027444448322057724
 come ||| [130.98, 130.98] ||| 0.11006993055343628
 till ||| [130.98, 130.98] ||| 0.00436672056093812
 now ||| [130.98, 130.98] ||| 0.582045316696167
 I ||| [130.98, 130.98] ||| 0.03471317142248154
 also ||| [130.98, 130.98] ||| 0.0048448010347783566
 work ||| [130.98, 130.98] ||| 0.000700620876159519
 at ||| [130.98, 131.12] ||| 0.040664367377758026
 Motilal ||| [131.12, 132.16] ||| 0.48677461648670334
 More ||| [132.16, 132.16] ||| 8.914821955841035e-05
 than ||| [132.16, 132.74] ||| 0.18548187613487244
 nothing ||| [132.74, 132.92] ||| 0.0010603612754493952
 Yes ||| [132.92, 133.42] ||| 0.007202599197626114
 Sir ||| [133.42, 134.22] ||| 0.07460598647594452
 I ||| [134.22, 134.22] ||| 0.05186307430267334
 know ||| [134.22, 134.22] ||| 0.06437491625547409
 that ||| [134.22, 134.22] ||| 0.08031004667282104
 very ||| [134.22, 136.66] ||| 0.004994838964194059
 well ||| [136.66, 136.86] ||| 0.8596802949905396
 I ||| [136.86, 136.94] ||| 0.2145407795906067
 know ||| [136.94, 136.94] ||| 0.5259233713150024
 but ||| [136.94, 137.4] ||| 0.3243371248245239
 I ||| [137.4, 137.98] ||| 0.18891292810440063
 am ||| [137.98, 139.32] ||| 0.335796982049942
 telling ||| [139.32, 139.4] ||| 0.3409971296787262
 you ||| [139.4, 139.68] ||| 0.4401366412639618
 that ||| [139.68, 139.72] ||| 0.14219020307064056
 solid ||| [139.72, 140.04] ||| 0.11142908781766891
 game ||| [140.04, 140.52] ||| 0.46819642186164856
 is ||| [140.52, 140.74] ||| 0.44941362738609314
 a ||| [140.74, 140.8] ||| 0.15657059848308563
 part ||| [140.8, 141.1] ||| 0.08626288175582886
 of ||| [141.1, 141.28] ||| 0.9239128828048706
 the ||| [141.28, 141.4] ||| 0.2531847655773163
 hospital ||| [141.4, 141.92] ||| 0.1047501266002655
 I ||| [141.92, 142.4] ||| 0.17114058136940002
 will ||| [142.4, 142.64] ||| 0.46503084897994995
 tell ||| [142.64, 142.64] ||| 0.7940305471420288
 you ||| [142.64, 142.64] ||| 0.785792887210846
 all ||| [142.64, 142.7] ||| 0.3943428099155426
 these ||| [142.7, 142.96] ||| 0.5547239184379578
 things, ||| [142.96, 143.16] ||| 0.9448175430297852
 Mr. ||| [143.64, 143.8] ||| 0.31245189905166626
 Motilal, ||| [143.8, 144.06] ||| 0.8955312371253967
 give ||| [144.26, 144.44] ||| 0.42861393094062805
 me ||| [144.44, 144.58] ||| 0.9602435827255249
 some ||| [144.58, 144.82] ||| 0.6939329504966736
 time, ||| [144.82, 145.28] ||| 0.9681236147880554
 give ||| [145.52, 145.64] ||| 0.8614265322685242
 me ||| [145.64, 145.92] ||| 0.9823466539382935
 some ||| [145.92, 146.14] ||| 0.8036043643951416
 opportunity, ||| [146.14, 146.34] ||| 0.382132887840271
 I ||| [146.64, 147.18] ||| 0.8433938026428223
 will ||| [147.18, 147.38] ||| 0.930894136428833
 tell ||| [147.38, 147.44] ||| 0.9169119000434875
 you ||| [147.44, 147.44] ||| 0.9798531532287598
 all ||| [147.44, 147.5] ||| 0.1868790239095688
 these ||| [147.5, 147.68] ||| 0.39820173382759094
 things ||| [147.68, 147.88] ||| 0.9136707782745361
 Mr. ||| [149.07999999999998, 149.64] ||| 0.00402019452303648
 Motilal, ||| [149.74, 149.94] ||| 0.7579991718133291
 what ||| [150.06, 150.18] ||| 0.0648275762796402
 is ||| [150.18, 150.18] ||| 0.6077017784118652
 here, ||| [150.18, 150.64] ||| 0.2035568654537201
 what ||| [150.64, 150.94] ||| 0.4353317618370056
 is ||| [150.94, 150.96] ||| 0.9016321897506714
 behind, ||| [150.96, 150.96] ||| 0.1663534790277481
 if ||| [151.24, 151.62] ||| 0.47679373621940613
 you ||| [151.62, 151.9] ||| 0.5196296572685242
 deposit ||| [151.9, 152.04] ||| 0.7649943232536316
 first ||| [152.04, 152.76] ||| 0.36380085349082947
 and ||| [152.76, 153.5] ||| 0.44910529255867004
 deposit ||| [153.5, 154.02] ||| 0.60190749168396
 from ||| [154.02, 154.02] ||| 0.564594566822052
 2000, ||| [154.02, 154.14] ||| 0.6854323744773865
 then ||| [154.48, 155.78] ||| 0.629494845867157
 you ||| [155.78, 156.16] ||| 0.5593572854995728
 get ||| [156.16, 156.42] ||| 0.7243252396583557
 70 ||| [156.42, 156.64] ||| 0.714896023273468
 spin, ||| [156.64, 156.98] ||| 0.19428007304668427
 70 ||| [157.12, 157.78] ||| 0.5411425232887268
 spin ||| [157.78, 158.38] ||| 0.6865817904472351
 which ||| [158.38, 159.22] ||| 0.19766879081726074
 lasts ||| [159.22, 159.38] ||| 0.30380117893218994
 for ||| [159.38, 159.38] ||| 0.9197323322296143
 2 ||| [159.38, 159.4] ||| 0.6156337857246399
 days ||| [159.4, 159.66] ||| 0.9942618608474731
 Sir, ||| [159.66, 160.46] ||| 0.02127957157790661
 you ||| [160.72, 160.86] ||| 0.4541729986667633
 will ||| [160.86, 161.56] ||| 0.24935615062713623
 get ||| [161.56, 162.02] ||| 0.734254002571106
 bonuses ||| [162.02, 162.02] ||| 0.2534603774547577
 from ||| [162.02, 162.02] ||| 0.604304850101471
 the ||| [162.02, 162.02] ||| 0.18851584196090698
 70 ||| [162.02, 163.32] ||| 0.20859010517597198
 spin, ||| [163.32, 163.58] ||| 0.74237459897995
 because ||| [164.7, 165.06] ||| 0.6618199944496155
 there ||| [165.06, 166.14] ||| 0.2916921079158783
 you ||| [166.14, 166.4] ||| 0.7722849249839783
 keep ||| [166.4, 166.4] ||| 0.3833410143852234
 getting ||| [166.4, 166.4] ||| 0.9541061520576477
 bonuses, ||| [166.4, 167.0] ||| 0.9194808006286621
 so ||| [167.04, 167.5] ||| 0.1896522343158722
 in ||| [167.5, 167.66] ||| 0.38414278626441956
 this ||| [167.66, 167.66] ||| 0.663533091545105
 spin ||| [167.66, 167.94] ||| 0.18333297967910767
 you ||| [167.94, 168.32] ||| 0.5384253859519958
 will ||| [168.32, 168.38] ||| 0.47443872690200806
 get ||| [168.38, 168.38] ||| 0.9479996562004089
 a ||| [168.38, 168.38] ||| 0.22634176909923553
 bonus ||| [168.38, 168.94] ||| 0.9129400253295898
 of ||| [168.94, 169.16] ||| 0.8949572443962097
 70, ||| [169.16, 169.16] ||| 0.9649730324745178
 then ||| [169.32, 169.42] ||| 0.28557324409484863
 you ||| [169.42, 170.1] ||| 0.6666484475135803
 will ||| [170.1, 170.1] ||| 0.943501353263855
 get ||| [170.1, 170.1] ||| 0.9434433579444885
 a ||| [170.1, 170.1] ||| 0.5921414494514465
 bonus ||| [170.1, 170.94] ||| 0.9385799169540405
 of ||| [170.94, 171.18] ||| 0.7775182723999023
 70 ||| [171.18, 171.18] ||| 0.8841297626495361
 spin ||| [171.18, 171.18] ||| 0.6642916798591614
 Along ||| [171.18, 171.68] ||| 0.018840409815311432
 with ||| [171.68, 172.38] ||| 0.941872775554657
 that ||| [172.38, 172.48] ||| 0.7681711316108704
 you ||| [172.48, 172.66] ||| 0.5177990198135376
 are ||| [172.66, 172.78] ||| 0.839194655418396
 getting ||| [172.78, 172.78] ||| 0.9945876598358154
 a ||| [172.78, 172.78] ||| 0.6290419697761536
 bonus ||| [172.78, 172.98] ||| 0.6384394764900208
 of ||| [172.98, 172.98] ||| 0.9940475225448608
 500%, ||| [172.98, 173.84] ||| 0.46717578172683716
 here ||| [173.84, 174.54] ||| 0.5500801205635071
 you ||| [174.54, 174.82] ||| 0.33010250329971313
 deposit ||| [174.82, 175.08] ||| 0.3973807692527771
 first, ||| [175.08, 175.52] ||| 0.8646084666252136
 Mr. ||| [175.8, 175.98] ||| 0.7454809546470642
 Motilal ||| [176.0, 176.24] ||| 0.9803664882977804
 tells ||| [176.24, 176.56] ||| 0.13572362065315247
 you ||| [176.56, 176.64] ||| 0.9571817517280579
 to ||| [176.64, 176.74] ||| 0.37630707025527954
 deposit ||| [176.74, 176.84] ||| 0.11223728954792023
 2 ||| [176.84, 176.9] ||| 0.1863432377576828
 spin ||| [176.9, 177.22] ||| 0.1577545404434204
 Second ||| [177.88, 178.46] ||| 0.004576398059725761
 deposit ||| [178.46, 178.72] ||| 0.009249763563275337
 is ||| [178.72, 178.96] ||| 0.5128885507583618
 150%, ||| [178.96, 179.56] ||| 0.5023212432861328
 third ||| [179.56, 179.76] ||| 0.5057129263877869
 deposit ||| [179.76, 180.02] ||| 0.9156156778335571
 is ||| [180.02, 180.28] ||| 0.920484185218811
 100%, ||| [180.28, 180.98] ||| 0.6315663307905197
 and ||| [180.98, 180.98] ||| 0.24521738290786743
 total ||| [180.98, 181.84] ||| 0.08964768797159195
 deposit ||| [181.84, 182.52] ||| 0.21689346432685852
 is ||| [182.52, 182.66] ||| 0.8652318716049194
 50 ||| [182.66, 182.84] ||| 0.27979400753974915
% ||| [182.84, 183.12] ||| 0.33575159311294556
 Along ||| [183.12, 183.86] ||| 0.010724344290792942
 with ||| [183.86, 184.56] ||| 0.9424285888671875
 that ||| [184.56, 184.8] ||| 0.4641858637332916
 you ||| [184.8, 185.2] ||| 0.09601674973964691
 will ||| [185.2, 185.46] ||| 0.21871066093444824
 get ||| [185.46, 185.94] ||| 0.15188059210777283
 the ||| [185.94, 186.08] ||| 0.13008847832679749
 benefit ||| [186.08, 186.08] ||| 0.6578338146209717
 of ||| [186.08, 186.22] ||| 0.8743182420730591
 50 ||| [186.22, 186.32] ||| 0.07617557793855667
 points, ||| [186.32, 186.7] ||| 0.08858614414930344
 in ||| [187.52, 188.54] ||| 0.1478108912706375
 this ||| [188.54, 188.58] ||| 0.5734719634056091
 you ||| [188.58, 188.9] ||| 0.2965731620788574
 can ||| [188.9, 189.02] ||| 0.4831562936306
 get ||| [189.02, 189.02] ||| 0.24705490469932556
 cash, ||| [189.02, 189.34] ||| 0.458008348941803
 you ||| [189.52, 189.86] ||| 0.25700807571411133
 can ||| [189.86, 189.86] ||| 0.5602056384086609
 play ||| [189.86, 190.12] ||| 0.6315200924873352
 as ||| [190.12, 190.14] ||| 0.44240260124206543
 many ||| [190.14, 191.24] ||| 0.639014720916748
 games ||| [191.24, 191.54] ||| 0.8590782880783081
 as ||| [191.54, 191.84] ||| 0.9168577194213867
 you ||| [191.84, 191.84] ||| 0.5026257634162903
 want ||| [191.84, 191.86] ||| 0.7366256713867188
 As ||| [191.86, 192.16] ||| 0.0018735371995717287
 many ||| [192.16, 192.96] ||| 0.2457442730665207
 activities ||| [192.96, 193.4] ||| 0.2262239307165146
 as ||| [193.4, 193.84] ||| 0.3692134618759155
 you ||| [193.84, 193.98] ||| 0.5389410257339478
 want, ||| [193.98, 193.98] ||| 0.6890177726745605
 you ||| [194.58, 194.7] ||| 0.20359228551387787
 can ||| [194.7, 194.78] ||| 0.6926875114440918
 play ||| [194.78, 194.8] ||| 0.4635971486568451
 Sir, ||| [194.8, 194.8] ||| 0.014634241349995136
 please ||| [195.28, 195.62] ||| 0.5280711650848389
 share ||| [195.62, 195.64] ||| 0.9675740003585815
 the ||| [195.64, 195.64] ||| 0.5024075508117676
 link ||| [195.64, 196.16] ||| 0.9286590814590454
 I ||| [197.16, 197.78] ||| 0.10049813240766525
 don't ||| [197.78, 198.1] ||| 0.7331987768411636
 have ||| [198.1, 198.1] ||| 0.8653274178504944
 the ||| [198.1, 198.18] ||| 0.2604198157787323
 link, ||| [198.18, 198.56] ||| 0.24106045067310333
 only ||| [198.8, 199.5] ||| 0.21058185398578644
 10 ||| [199.5, 199.64] ||| 0.5822168588638306
 seconds ||| [199.64, 199.96] ||| 0.7738198637962341
 Only ||| [199.96, 200.98] ||| 0.25283437967300415
 10 ||| [200.98, 202.98] ||| 0.8124139904975891
 seconds ||| [202.98, 203.3] ||| 0.9466788172721863
 Please ||| [203.3, 203.86] ||| 0.03454040363430977
 share ||| [203.86, 204.12] ||| 0.9888603091239929
 the ||| [204.12, 205.02] ||| 0.929265022277832
 link, ||| [205.02, 205.06] ||| 0.9917742609977722
 I ||| [205.06, 205.46] ||| 0.8417137861251831
 will ||| [205.46, 205.62] ||| 0.6958965063095093
 make ||| [205.62, 205.64] ||| 0.2509526312351227
 it ||| [205.64, 205.64] ||| 0.439724326133728
 Sir, ||| [205.64, 206.28] ||| 0.00031699490500614047
 please ||| [207.48, 207.66] ||| 0.559337854385376
 share ||| [207.66, 207.86] ||| 0.8767253160476685
 the ||| [207.86, 207.86] ||| 0.9448150992393494
 link ||| [207.86, 207.86] ||| 0.9948152899742126
 Please ||| [209.29999999999998, 209.88] ||| 0.011761296540498734
 share ||| [209.88, 209.88] ||| 0.007192028220742941
 the ||| [209.88, 210.08] ||| 0.05423480644822121
 link ||| [210.08, 210.82] ||| 0.041139062494039536
 Only ||| [210.82, 210.82] ||| 1.1278320016572252e-05
 10 ||| [210.82, 212.24] ||| 0.6254124641418457
 seconds ||| [212.24, 212.52] ||| 0.6481308937072754
 Please ||| [212.52, 213.3] ||| 0.009129839017987251
 share ||| [213.3, 213.62] ||| 0.34492817521095276
 the ||| [213.62, 213.94] ||| 0.9684137105941772
 link ||| [213.94, 214.34] ||| 0.9980148077011108
 Only ||| [214.34, 214.36] ||| 0.5784245729446411
 10 ||| [214.36, 214.36] ||| 0.9906964302062988
 seconds ||| [214.36, 214.36] ||| 0.9883356094360352
 Sir, ||| [214.36, 214.36] ||| 0.014369976706802845
 you ||| [214.46, 215.68] ||| 0.1939888596534729
 will ||| [215.68, 215.68] ||| 0.1556406021118164
 get ||| [215.68, 215.68] ||| 0.7382665872573853
 30 ||| [215.68, 215.98] ||| 0.3703174591064453
% ||| [215.98, 216.36] ||| 0.9220485687255859
 cashback, ||| [216.36, 216.98] ||| 0.7882566452026367
 you ||| [217.44, 217.82] ||| 0.11451145261526108
 can ||| [217.82, 217.82] ||| 0.3452064096927643
 play ||| [217.82, 217.82] ||| 0.33893758058547974
 games ||| [217.82, 217.82] ||| 0.19069257378578186
 in ||| [217.82, 217.82] ||| 0.3006068468093872
 our ||| [217.82, 217.88] ||| 0.59404456615448
 casino ||| [217.88, 218.38] ||| 0.0049109687097370625
 and ||| [218.38, 220.04] ||| 0.10684788227081299
 get ||| [220.04, 220.34] ||| 0.24561724066734314
 30 ||| [220.34, 220.38] ||| 0.11680718511343002
% ||| [220.38, 220.84] ||| 0.9578467011451721
 cashback ||| [220.84, 221.13] ||| 0.8338056206703186
 You ||| [221.42, 221.68] ||| 0.04876015707850456
 get ||| [221.68, 221.7] ||| 0.16074365377426147
 cashback ||| [221.7, 222.2] ||| 0.7481509745121002
 at ||| [222.2, 222.2] ||| 0.1418243795633316
 12 ||| [222.2, 222.3] ||| 0.5890347361564636
 pm ||| [222.3, 222.86] ||| 0.213828906416893
 every ||| [222.86, 222.86] ||| 0.8298075795173645
 Saturday ||| [222.86, 222.86] ||| 0.6317951083183289
 night ||| [222.86, 222.86] ||| 0.5164805054664612
 in ||| [222.86, 222.9] ||| 0.08258677273988724
 your ||| [222.9, 222.98] ||| 0.6601459383964539
 account ||| [222.98, 223.42] ||| 0.2520070970058441
 And ||| [224.14, 224.72] ||| 0.07536080479621887
 along ||| [224.72, 225.3] ||| 0.015605724416673183
 with ||| [225.3, 225.36] ||| 0.9359948635101318
 that ||| [225.36, 225.52] ||| 0.7027406692504883
 you ||| [225.52, 225.74] ||| 0.2502824366092682
 can ||| [225.74, 225.82] ||| 0.9006490111351013
 subscribe ||| [225.82, 225.82] ||| 0.7000253200531006
 to ||| [225.82, 225.82] ||| 0.7182636857032776
 our ||| [225.82, 225.82] ||| 0.9372205138206482
 social ||| [225.82, 226.18] ||| 0.5477006435394287
 networks, ||| [226.18, 226.34] ||| 0.5423350930213928
 like ||| [227.06, 227.44] ||| 0.3133329153060913
 Facebook, ||| [227.44, 227.86] ||| 0.7320124506950378
 Instagram, ||| [228.0, 228.2] ||| 0.915236234664917
 Twitter, ||| [228.48, 228.64] ||| 0.9401158690452576
 Telegram ||| [228.76, 229.2] ||| 0.9715929627418518
 You ||| [229.2, 229.4] ||| 0.3863385319709778
 can ||| [229.4, 229.9] ||| 0.7522008419036865
 subscribe ||| [229.9, 229.98] ||| 0.1877807378768921
 to ||| [229.98, 230.62] ||| 0.816286027431488
 the ||| [230.62, 230.78] ||| 0.1727282851934433
 channel ||| [230.78, 230.78] ||| 0.9463905692100525
 and ||| [230.78, 230.78] ||| 0.5844999551773071
 get ||| [230.78, 231.04] ||| 0.4948940873146057
 bonuses ||| [231.04, 231.36] ||| 0.5460341572761536
 from ||| [231.36, 231.82] ||| 0.7475270628929138
 here ||| [231.82, 231.82] ||| 0.631925642490387
 From ||| [231.82, 232.14] ||| 0.006719128228724003
 here ||| [232.14, 232.34] ||| 0.9537065029144287
 also ||| [232.34, 232.48] ||| 0.38026344776153564
 you ||| [232.48, 232.84] ||| 0.6516651511192322
 can ||| [232.84, 233.04] ||| 0.5711076259613037
 get ||| [233.04, 233.04] ||| 0.4692048728466034
 the ||| [233.04, 233.04] ||| 0.40073299407958984
 benefit ||| [233.04, 233.04] ||| 0.48673170804977417
 of ||| [233.04, 233.04] ||| 0.9646700620651245
 the ||| [233.04, 233.04] ||| 0.3382313549518585
 bonuses ||| [233.04, 233.46] ||| 0.9471579790115356
 Sir, ||| [234.22, 234.8] ||| 0.38517042994499207
 I ||| [234.98, 235.12] ||| 0.8370627164840698
 would ||| [235.12, 235.26] ||| 0.7521288990974426
 like ||| [235.26, 235.34] ||| 0.980678915977478
 to ||| [235.34, 235.56] ||| 0.9967632293701172
 know, ||| [235.56, 235.64] ||| 0.9801861047744751
 along ||| [235.78, 236.02] ||| 0.7536523342132568
 with ||| [236.02, 236.02] ||| 0.9927765130996704
 our ||| [236.02, 236.04] ||| 0.9366962909698486
 platform ||| [236.04, 236.48] ||| 0.9653120636940002
 Do ||| [236.48, 237.0] ||| 0.05931878834962845
 you ||| [237.0, 237.36] ||| 0.9573401808738708
 play ||| [237.36, 237.36] ||| 0.8442632555961609
 games ||| [237.36, 237.36] ||| 0.3536582887172699
 on ||| [237.36, 237.36] ||| 0.6509431004524231
 any ||| [237.36, 237.46] ||| 0.6848781108856201
 other ||| [237.46, 237.66] ||| 0.7903688549995422
 platform ||| [237.66, 238.04] ||| 0.6912090182304382
 or ||| [238.04, 238.28] ||| 0.4035997688770294
 any ||| [238.28, 238.38] ||| 0.454567551612854
 other ||| [238.38, 238.64] ||| 0.8782870173454285
 company ||| [238.64, 238.98] ||| 0.6242444515228271
 or ||| [238.98, 239.26] ||| 0.6305603384971619
 any ||| [239.26, 239.38] ||| 0.628105878829956
 other ||| [239.38, 239.56] ||| 0.937913179397583
 application? ||| [239.56, 240.06] ||| 0.7918872833251953
 I ||| [241.1, 241.78] ||| 0.8201626539230347
 have ||| [241.78, 242.06] ||| 0.4051041305065155
 played ||| [242.06, 242.54] ||| 0.9622344374656677
 games ||| [242.54, 242.64] ||| 0.277148962020874
 on ||| [242.64, 242.64] ||| 0.5758149027824402
 2 ||| [242.64, 242.8] ||| 0.36341193318367004
-5 ||| [242.8, 243.18] ||| 0.755848616361618
 companies ||| [243.18, 243.7] ||| 0.6265572309494019
 but ||| [243.7, 244.46] ||| 0.6708013415336609
 I ||| [244.46, 244.76] ||| 0.1765003353357315
 have ||| [244.76, 245.1] ||| 0.38271477818489075
 played ||| [245.1, 245.1] ||| 0.4958760440349579
 on ||| [245.1, 246.12] ||| 0.24446696043014526
 VIP ||| [246.12, 246.5] ||| 0.5476928353309631
 3 ||| [246.5, 247.46] ||| 0.39634305238723755
-4 ||| [247.46, 247.7] ||| 0.6429576128721237
 times ||| [247.7, 248.04] ||| 0.26091668009757996
 and ||| [248.04, 248.48] ||| 0.19044694304466248
 I ||| [248.48, 248.96] ||| 0.29692110419273376
 have ||| [248.96, 249.86] ||| 0.5136253237724304
 lost ||| [249.86, 250.54] ||| 0.3509279191493988
 a ||| [250.54, 251.08] ||| 0.26440316438674927
 lot ||| [251.08, 251.28] ||| 0.9656487703323364
 of ||| [251.28, 251.5] ||| 0.37122249603271484
 money. ||| [251.5, 251.92] ||| 0.2865373492240906
 Okay, ||| [253.95999999999998, 254.64] ||| 0.1601470559835434
 I ||| [254.64, 255.32] ||| 0.5188998579978943
 would ||| [255.32, 255.64] ||| 0.7038964629173279
 like ||| [255.64, 255.66] ||| 0.981810986995697
 to ||| [255.66, 255.7] ||| 0.9941315054893494
 tell ||| [255.7, 255.72] ||| 0.7826054692268372
 you ||| [255.72, 255.96] ||| 0.9344872832298279
 that ||| [255.96, 256.2] ||| 0.4656183421611786
 you ||| [256.2, 256.62] ||| 0.5147817134857178
 don't ||| [256.62, 257.44] ||| 0.7173223346471786
 have ||| [257.44, 257.44] ||| 0.5880002975463867
 to ||| [257.44, 257.52] ||| 0.991582453250885
 go ||| [257.52, 257.52] ||| 0.9062505960464478
 anywhere ||| [257.52, 257.62] ||| 0.8290554881095886
 else ||| [257.62, 258.12] ||| 0.581983208656311
 because ||| [258.12, 258.58] ||| 0.32850557565689087
 you ||| [258.58, 258.92] ||| 0.5382307767868042
 can ||| [258.92, 259.0] ||| 0.42087534070014954
 play ||| [259.0, 259.18] ||| 0.6046319603919983
 online ||| [259.18, 259.18] ||| 0.5321831107139587
 from ||| [259.18, 259.18] ||| 0.25178423523902893
 time ||| [259.18, 259.18] ||| 0.9716786742210388
 to ||| [259.18, 259.36] ||| 0.9851558804512024
 time. ||| [259.36, 259.54] ||| 0.9976987242698669
 Because ||| [260.2, 260.68] ||| 0.0909300297498703
 I ||| [260.68, 260.94] ||| 0.040850669145584106
 have ||| [260.94, 261.04] ||| 0.23873238265514374
 played ||| [261.04, 261.04] ||| 0.7948107123374939
 games ||| [261.04, 261.04] ||| 0.059771064668893814
 online ||| [261.04, 262.64] ||| 0.2697449028491974
 and ||| [262.64, 263.28] ||| 0.1629139482975006
 I ||| [263.28, 263.52] ||| 0.14412008225917816
 have ||| [263.52, 263.64] ||| 0.568366527557373
 also ||| [263.64, 263.74] ||| 0.08153879642486572
 made ||| [263.74, 263.86] ||| 0.21345217525959015
 a ||| [263.86, 263.94] ||| 0.17574559152126312
 profit ||| [263.94, 264.16] ||| 0.8300793170928955
 and ||| [264.16, 264.66] ||| 0.26970669627189636
 lost ||| [264.66, 265.16] ||| 0.15134859085083008
 money. ||| [265.16, 265.52] ||| 0.07963549345731735
 If ||| [265.82, 266.3] ||| 0.17342941462993622
 I ||| [266.3, 266.38] ||| 0.6139817237854004
 made ||| [266.38, 266.56] ||| 0.1958894580602646
 a ||| [266.56, 266.6] ||| 0.7626277208328247
 good ||| [266.6, 266.72] ||| 0.5862060189247131
 profit, ||| [266.72, 267.22] ||| 0.9786778688430786
 then ||| [267.6, 267.76] ||| 0.369658887386322
 I ||| [267.76, 268.02] ||| 0.22426018118858337
 would ||| [268.02, 268.02] ||| 0.399985134601593
 have ||| [268.02, 268.08] ||| 0.6078370213508606
 lost ||| [268.08, 268.18] ||| 0.687787652015686
 my ||| [268.18, 268.2] ||| 0.726662814617157
 ID ||| [268.2, 268.38] ||| 0.6196795105934143
 and ||| [268.38, 268.68] ||| 0.35661277174949646
 I ||| [268.68, 269.2] ||| 0.23663707077503204
 would ||| [269.2, 269.38] ||| 0.5794802904129028
 not ||| [269.38, 269.38] ||| 0.6382200717926025
 have ||| [269.38, 269.38] ||| 0.5691733360290527
 opened ||| [269.38, 269.38] ||| 0.652703046798706
 my ||| [269.38, 269.38] ||| 0.4463564455509186
 ID ||| [269.38, 269.64] ||| 0.8697085976600647
 again. ||| [269.64, 270.24] ||| 0.47780710458755493
 Okay, ||| [271.74, 272.22] ||| 0.0375172421336174
 but ||| [272.4, 272.6] ||| 0.5204856991767883
 I ||| [272.6, 272.96] ||| 0.25007739663124084
 would ||| [272.96, 273.1] ||| 0.5662662982940674
 like ||| [273.1, 273.1] ||| 0.8535203337669373
 to ||| [273.1, 273.1] ||| 0.8953673243522644
 tell ||| [273.1, 273.2] ||| 0.14496421813964844
 you ||| [273.2, 273.3] ||| 0.7393558025360107
 that... ||| [273.3, 273.38] ||| 0.2521446719765663
 Some ||| [273.38, 274.18] ||| 0.6445077657699585
 games ||| [274.18, 275.08] ||| 0.9602015614509583
 are ||| [275.08, 275.24] ||| 0.43088456988334656
 played ||| [275.24, 275.48] ||| 0.10160986334085464
 on ||| [275.48, 275.66] ||| 0.022945789620280266
 VIP ||| [275.66, 275.78] ||| 0.7146243453025818
 1 ||| [275.78, 276.24] ||| 0.3718220591545105
-2 ||| [276.24, 276.6] ||| 0.40134069975465536
-3 ||| [276.6, 276.84] ||| 0.9535431861877441
-4 ||| [276.84, 277.22] ||| 0.97185018658638
-5 ||| [277.22, 277.78] ||| 0.920415461063385
 and ||| [277.78, 278.12] ||| 0.10297832638025284
 after ||| [278.12, 279.1] ||| 0.4395241141319275
 5, ||| [279.1, 279.5] ||| 0.5789073705673218
 they ||| [280.0, 280.2] ||| 0.6825528144836426
 start ||| [280.2, 280.44] ||| 0.39015403389930725
 looting ||| [280.44, 281.12] ||| 0.9119656383991241
 one ||| [281.12, 281.2] ||| 0.4083552658557892
 by ||| [281.2, 281.2] ||| 0.7337334156036377
 one. ||| [281.2, 281.2] ||| 0.9946744441986084
 Okay, ||| [283.53999999999996, 284.02] ||| 0.8237758874893188
 I ||| [284.02, 284.5] ||| 0.7869986891746521
 would ||| [284.5, 284.74] ||| 0.9169517159461975
 like ||| [284.74, 284.76] ||| 0.945859432220459
 to ||| [284.76, 284.76] ||| 0.9923561811447144
 tell ||| [284.76, 284.76] ||| 0.8473160862922668
 you ||| [284.76, 285.46] ||| 0.9666411876678467
 that ||| [285.46, 285.72] ||| 0.4994211494922638
 you ||| [285.72, 285.86] ||| 0.2985522150993347
 don't ||| [285.86, 285.98] ||| 0.7314916849136353
 have ||| [285.98, 285.98] ||| 0.6351878643035889
 to ||| [285.98, 286.8] ||| 0.9958678483963013
 go ||| [286.8, 286.8] ||| 0.9582535624504089
 anywhere ||| [286.8, 286.86] ||| 0.8399526476860046
 else ||| [286.86, 287.48] ||| 0.7577287554740906
 because ||| [287.48, 287.9] ||| 0.18434354662895203
 you ||| [287.9, 288.38] ||| 0.5826417803764343
 can ||| [288.38, 288.38] ||| 0.4542313814163208
 play ||| [288.38, 288.4] ||| 0.2395988255739212
 online ||| [288.4, 288.4] ||| 0.18450193107128143
 from ||| [288.4, 288.4] ||| 0.27030616998672485
 time ||| [288.4, 288.4] ||| 0.9110898375511169
 to ||| [288.4, 288.6] ||| 0.980509877204895
 time. ||| [288.6, 288.76] ||| 0.9992344379425049
 Okay. ||| [289.04, 289.52] ||| 0.1350799947977066
 But ||| [289.54, 289.68] ||| 0.007815077900886536
 you ||| [289.68, 289.68] ||| 0.06429504603147507
 don't ||| [289.68, 289.68] ||| 0.5206633433699608
 have ||| [289.68, 289.84] ||| 0.2492145299911499
 to ||| [289.84, 290.08] ||| 0.2410086840391159
 go ||| [290.08, 290.2] ||| 0.027785563841462135
 anywhere ||| [290.2, 290.32] ||| 0.003808095818385482
 else ||| [290.32, 290.36] ||| 0.04501735791563988
 because ||| [290.36, 290.42] ||| 0.011089314706623554
 you ||| [290.42, 290.42] ||| 0.29301926493644714
 can ||| [290.42, 290.42] ||| 0.10322599858045578
 play ||| [290.42, 290.42] ||| 0.012754789553582668
 online ||| [290.42, 290.42] ||| 0.0014603083254769444
 from ||| [290.42, 290.42] ||| 0.009427947923541069
 time ||| [290.42, 290.42] ||| 0.03215637430548668
 to ||| [290.42, 290.42] ||| 0.9915397763252258
 time. ||| [290.42, 290.42] ||| 0.9911580681800842
 Yes, ||| [290.42, 290.56] ||| 0.09098069369792938
 many ||| [290.7, 291.08] ||| 0.03993604704737663
 people ||| [291.08, 291.42] ||| 0.4894367456436157
 win ||| [291.42, 291.92] ||| 0.315080463886261
 and ||| [291.92, 292.46] ||| 0.2749687433242798
 lose. ||| [292.46, 293.2] ||| 0.5974805355072021
 Sometimes ||| [293.2, 293.46] ||| 0.16158488392829895
 they ||| [293.46, 293.94] ||| 0.4097670316696167
 win ||| [293.94, 293.96] ||| 0.9122722744941711
 and ||| [293.96, 294.2] ||| 0.5031464695930481
 sometimes ||| [294.2, 294.34] ||| 0.6684566140174866
 they ||| [294.34, 294.46] ||| 0.9036484956741333
 lose. ||| [294.46, 294.7] ||| 0.9080014824867249
 But ||| [295.80000000000007, 296.20000000000005] ||| 0.6610226035118103
 if ||| [296.20000000000005, 296.6] ||| 0.32813382148742676
 you ||| [296.6, 296.82] ||| 0.3199087381362915
 continue ||| [296.82, 296.9] ||| 0.24359230697155
 for ||| [296.9, 297.1] ||| 0.3920935094356537
 2 ||| [297.1, 297.3] ||| 0.4326915740966797
-3 ||| [297.3, 297.52] ||| 0.8586044609546661
 days ||| [297.52, 297.74] ||| 0.975326418876648
 and ||| [297.74, 297.84] ||| 0.33978456258773804
 lose, ||| [297.84, 297.92] ||| 0.42353251576423645
 then ||| [298.34, 298.58] ||| 0.4972214996814728
 you ||| [298.58, 298.68] ||| 0.5238521695137024
 can ||| [298.68, 298.72] ||| 0.26673415303230286
 win. ||| [298.72, 298.72] ||| 0.17883293330669403
 That's ||| [299.54, 299.94] ||| 0.41800137236714363
 what ||| [299.94, 299.98] ||| 0.8941522240638733
 I ||| [299.98, 300.04] ||| 0.9578500986099243
 am ||| [300.04, 300.08] ||| 0.5005987882614136
 telling ||| [300.08, 300.32] ||| 0.42496630549430847
 you. ||| [300.32, 300.4] ||| 0.3892005681991577
 Sir, ||| [300.42, 300.56] ||| 0.342774361371994
 what ||| [300.62, 300.68] ||| 0.6094831824302673
 will ||| [300.68, 300.86] ||| 0.6725625395774841
 you ||| [300.86, 301.04] ||| 0.9847646355628967
 do? ||| [301.04, 301.04] ||| 0.9532603621482849
 Sir, ||| [301.36, 301.76] ||| 0.20429128408432007
 if ||| [303.14, 303.24] ||| 0.5036046504974365
 you ||| [303.24, 303.5] ||| 0.8003711104393005
 have ||| [303.5, 303.88] ||| 0.3860897421836853
 any ||| [303.88, 304.16] ||| 0.9061181545257568
 problem, ||| [304.16, 304.26] ||| 0.5841817259788513
 you ||| [304.66, 304.84] ||| 0.6176915168762207
 can ||| [304.84, 304.9] ||| 0.983799934387207
 contact ||| [304.9, 304.9] ||| 0.9690892696380615
 us ||| [304.9, 304.9] ||| 0.48279356956481934
 in ||| [304.9, 305.04] ||| 0.34300893545150757
 chat ||| [305.04, 305.14] ||| 0.49114492535591125
 support. ||| [305.14, 305.46] ||| 0.8661600947380066
 It ||| [306.16, 306.48] ||| 0.32080650329589844
 is ||| [306.48, 306.48] ||| 0.43373748660087585
 24 ||| [306.48, 306.6] ||| 0.4380989372730255
-27 ||| [306.6, 307.02] ||| 0.7301138043403625
 hours, ||| [307.02, 307.32] ||| 0.47758305072784424
 Mr. ||| [307.5, 307.8] ||| 0.7460408806800842
 Manfilal. ||| [307.8, 308.0] ||| 0.5138842215140661
 Sir, ||| [308.3, 308.7] ||| 0.4767419397830963
 I ||| [308.7, 308.7] ||| 0.4522951543331146
 would ||| [308.7, 308.92] ||| 0.7668331861495972
 like ||| [308.92, 308.92] ||| 0.9892222881317139
 to ||| [308.92, 309.1] ||| 0.9986599683761597
 know ||| [309.1, 309.1] ||| 0.9925234913825989
 which ||| [309.1, 309.5] ||| 0.6249481439590454
 game ||| [309.5, 309.82] ||| 0.9462530612945557
 you ||| [309.82, 310.0] ||| 0.5617750287055969
 like ||| [310.0, 310.04] ||| 0.6833708882331848
 to ||| [310.04, 310.14] ||| 0.830706775188446
 play ||| [310.14, 310.28] ||| 0.9720538258552551
 the ||| [310.28, 310.36] ||| 0.3827185034751892
 most. ||| [310.36, 310.5] ||| 0.9935261011123657
 Sir, ||| [314.02000000000004, 314.42] ||| 0.5844196677207947
 which ||| [314.54, 314.56] ||| 0.8418858647346497
 game ||| [314.56, 314.88] ||| 0.5461655259132385
 do ||| [314.88, 315.42] ||| 0.530264675617218
 you ||| [315.42, 315.42] ||| 0.993536651134491
 like ||| [315.42, 315.54] ||| 0.7945011258125305
 to ||| [315.54, 315.54] ||| 0.44603604078292847
 play ||| [315.54, 315.54] ||| 0.9830220937728882
 the ||| [315.54, 315.54] ||| 0.5005882382392883
 most? ||| [315.54, 315.54] ||| 0.9973750114440918
 Sir, ||| [315.6, 316.0] ||| 0.3483666777610779
 I ||| [316.74, 316.74] ||| 0.19516968727111816
 like ||| [316.74, 317.38] ||| 0.1951824575662613
 to ||| [317.38, 317.38] ||| 0.4347116947174072
 play ||| [317.38, 317.38] ||| 0.9550204277038574
 one ||| [317.38, 317.6] ||| 0.1140395998954773
-two ||| [317.6, 317.94] ||| 0.5513079315423965
-three ||| [317.94, 318.38] ||| 0.8650809824466705
-four ||| [318.38, 318.64] ||| 0.5715725272893906
-five. ||| [318.64, 318.74] ||| 0.48124421387910843
 Okay. ||| [318.92, 319.2] ||| 0.03468279913067818
 All ||| [320.15999999999997, 320.76] ||| 0.12747956812381744
 the ||| [320.76, 320.76] ||| 0.3514338433742523
 games ||| [320.76, 320.76] ||| 0.8929657936096191
 are ||| [320.76, 320.94] ||| 0.7656097412109375
 good. ||| [320.94, 321.98] ||| 0.19712989032268524
 Sir, ||| [322.3, 322.9] ||| 0.001224532607011497
 I ||| [323.1, 323.5] ||| 0.1055048480629921
 like ||| [323.5, 324.02] ||| 0.05965493619441986
 to ||| [324.02, 324.44] ||| 0.29808783531188965
 play ||| [324.44, 324.44] ||| 0.9761244058609009
 better ||| [324.44, 325.34] ||| 0.5466492772102356
 games. ||| [325.34, 325.36] ||| 0.7967399954795837
 I ||| [325.92, 326.52] ||| 0.15474490821361542
 like ||| [326.52, 326.66] ||| 0.2670850157737732
 to ||| [326.66, 326.66] ||| 0.6320539712905884
 play ||| [326.66, 326.66] ||| 0.2947738468647003
 better ||| [326.66, 326.68] ||| 0.7503119707107544
 games. ||| [326.68, 327.04] ||| 0.9643358588218689
 I ||| [327.26, 327.5] ||| 0.02730354480445385
 like ||| [327.5, 327.8] ||| 0.33415737748146057
 to ||| [327.8, 328.6] ||| 0.6511344313621521
 play ||| [328.6, 328.64] ||| 0.4802001118659973
 better ||| [328.64, 328.64] ||| 0.8327704071998596
 games. ||| [328.64, 328.64] ||| 0.9907834529876709
 I ||| [328.64, 329.24] ||| 0.016283586621284485
 like ||| [329.24, 329.62] ||| 0.611932635307312
 to ||| [329.62, 329.62] ||| 0.9236939549446106
 play ||| [329.62, 329.68] ||| 0.9910939335823059
 better ||| [329.68, 330.0] ||| 0.993249773979187
 games. ||| [330.0, 330.06] ||| 0.9965407252311707
 Is ||| [330.06, 330.18] ||| 0.352871298789978
 there ||| [330.18, 330.86] ||| 0.9100511074066162
 any ||| [330.86, 330.9] ||| 0.6940943598747253
 selected ||| [330.9, 331.28] ||| 0.7832236289978027
 game ||| [331.28, 331.7] ||| 0.7911325097084045
 in ||| [331.7, 332.06] ||| 0.40195557475090027
 this ||| [332.06, 332.16] ||| 0.6161927580833435
 game ||| [332.16, 332.16] ||| 0.08894815295934677
 that ||| [332.16, 332.64] ||| 0.2718554437160492
 is ||| [332.64, 332.92] ||| 0.6742792129516602
 good? ||| [332.92, 333.72] ||| 0.4634721279144287
 Right, ||| [335.08, 335.68] ||| 0.5095716118812561
 right. ||| [335.84, 335.92] ||| 0.5995548367500305
 Nothing ||| [336.06, 336.42] ||| 0.27010688185691833
 is ||| [336.42, 336.48] ||| 0.6092342734336853
 selected. ||| [336.48, 336.76] ||| 0.9638340473175049
 But ||| [337.86, 338.46] ||| 0.8041021823883057
 it ||| [338.46, 338.72] ||| 0.25049713253974915
 depends ||| [338.72, 339.26] ||| 0.9078131914138794
 on ||| [339.26, 339.5] ||| 0.7266815900802612
 how ||| [339.5, 339.5] ||| 0.2664744555950165
 much ||| [339.5, 339.7] ||| 0.7391360998153687
 you ||| [339.7, 340.0] ||| 0.9244747161865234
 like ||| [340.0, 340.0] ||| 0.8217986226081848
 to ||| [340.0, 340.1] ||| 0.8963013291358948
 play ||| [340.1, 340.1] ||| 0.9976503252983093
 the ||| [340.1, 340.54] ||| 0.09431897103786469
 game ||| [340.54, 340.54] ||| 0.7094053030014038
 and ||| [340.54, 340.74] ||| 0.5787639617919922
 how ||| [340.74, 341.5] ||| 0.790718138217926
 much ||| [341.5, 341.8] ||| 0.6241452693939209
 knowledge ||| [341.8, 342.22] ||| 0.601911723613739
 you ||| [342.22, 342.28] ||| 0.9209612011909485
 have ||| [342.28, 342.8] ||| 0.9804072976112366
 in ||| [342.8, 342.84] ||| 0.46651211380958557
 it. ||| [342.84, 342.84] ||| 0.7964070439338684
 Right. ||| [342.84, 343.12] ||| 0.5345893502235413
 If ||| [343.68, 344.28] ||| 0.721564769744873
 you ||| [344.28, 345.36] ||| 0.977363109588623
 play ||| [345.36, 346.12] ||| 0.44249337911605835
 a ||| [346.12, 346.12] ||| 0.4076248109340668
 game ||| [346.12, 346.54] ||| 0.8997206091880798
 that ||| [346.54, 346.54] ||| 0.24814778566360474
 you ||| [346.54, 346.76] ||| 0.48728662729263306
 like, ||| [346.76, 346.8] ||| 0.6659670472145081
 then ||| [347.28, 347.52] ||| 0.46086210012435913
 it ||| [347.52, 347.72] ||| 0.625795304775238
 is ||| [347.72, 347.92] ||| 0.5016357898712158
 better. ||| [347.92, 348.14] ||| 0.9144003987312317
 Then ||| [348.14, 349.14] ||| 0.009452876634895802
 you ||| [349.14, 349.16] ||| 0.15239927172660828
 will ||| [349.16, 349.16] ||| 0.24079488217830658
 know ||| [349.16, 349.16] ||| 0.2762032151222229
 what ||| [349.16, 350.14] ||| 0.21154873073101044
 is ||| [350.14, 350.3] ||| 0.4680955708026886
 the ||| [350.3, 350.3] ||| 0.259694904088974
 track ||| [350.3, 350.56] ||| 0.4526103138923645
 and ||| [350.56, 351.2] ||| 0.20456567406654358
 when ||| [351.2, 351.78] ||| 0.3824916183948517
 to ||| [351.78, 352.52] ||| 0.519233226776123
 play ||| [352.52, 352.62] ||| 0.006149709690362215
 it. ||| [352.62, 352.82] ||| 0.1759118139743805
 That ||| [355.40000000000003, 355.98] ||| 0.22175393998622894
 is ||| [355.98, 356.56] ||| 0.7426050901412964
 our ||| [356.56, 356.98] ||| 0.46554091572761536
 problem. ||| [356.98, 358.5] ||| 0.8429650068283081
 We ||| [359.14000000000004, 359.72] ||| 0.37183332443237305
 have ||| [359.72, 359.84] ||| 0.5052314400672913
 to ||| [359.84, 359.86] ||| 0.9570766091346741
 adjust ||| [359.86, 360.0] ||| 0.949194073677063
 the ||| [360.0, 360.0] ||| 0.8251317739486694
 timing. ||| [360.0, 360.68] ||| 0.6926061511039734
 Right, ||| [362.28, 362.78] ||| 0.1229480430483818
 right. ||| [362.9, 363.06] ||| 0.6267971396446228
 If ||| [363.38, 363.84] ||| 0.345601350069046
 you ||| [363.84, 364.28] ||| 0.19971787929534912
 have ||| [364.28, 364.28] ||| 0.5388790369033813
 any ||| [364.28, 364.4] ||| 0.8625239133834839
 other ||| [364.4, 364.4] ||| 0.6586822867393494
 questions, ||| [364.4, 364.64] ||| 0.28091323375701904
 then ||| [365.96, 366.28] ||| 0.25289198756217957
 you ||| [366.28, 366.4] ||| 0.2599999010562897
 can ||| [366.4, 366.4] ||| 0.9284651875495911
 contact ||| [366.4, 366.4] ||| 0.6975169777870178
 us ||| [366.4, 366.4] ||| 0.6281307339668274
 in ||| [366.4, 366.58] ||| 0.21259009838104248
 chat ||| [366.58, 366.64] ||| 0.09457894414663315
 support. ||| [366.64, 366.96] ||| 0.0015653874725103378
 Sir, ||| [368.52000000000004, 369.1] ||| 0.2136058658361435
 please ||| [369.48, 369.96] ||| 0.4051695168018341
 share ||| [369.96, 370.08] ||| 0.9472689032554626
 the ||| [370.08, 370.54] ||| 0.8004988431930542
 link. ||| [370.54, 370.56] ||| 0.9217501878738403
 I ||| [370.6, 370.82] ||| 0.708472490310669
 will ||| [370.82, 370.96] ||| 0.8027037978172302
 try ||| [370.96, 371.18] ||| 0.23130464553833008
 to ||| [371.18, 371.22] ||| 0.2858656346797943
 contact ||| [371.22, 371.62] ||| 0.26067686080932617
 you. ||| [371.62, 371.62] ||| 0.7574096918106079
 Yes, ||| [371.88, 372.36] ||| 0.33751747012138367
 yes. ||| [372.44, 372.44] ||| 0.11554910987615585
 You ||| [372.89, 373.18] ||| 0.23500320315361023
 will ||| [373.18, 373.28] ||| 0.7282963395118713
 get ||| [373.28, 373.28] ||| 0.48375311493873596
 the ||| [373.28, 373.28] ||| 0.8832294940948486
 link ||| [373.28, 373.48] ||| 0.9485612511634827
 after ||| [373.48, 373.94] ||| 0.6198233366012573
 the ||| [373.94, 374.08] ||| 0.5588411688804626
 phone ||| [374.08, 374.14] ||| 0.6093220710754395
 is ||| [374.14, 374.3] ||| 0.3510379195213318
 cut. ||| [374.3, 374.36] ||| 0.6651838421821594
 You ||| [374.36, 374.68] ||| 0.022110624238848686
 can ||| [374.68, 375.28] ||| 0.48615801334381104
 contact ||| [375.28, 376.22] ||| 0.6805541515350342
 us ||| [376.22, 376.22] ||| 0.42723163962364197
 in ||| [376.22, 376.22] ||| 0.1025797426700592
 chat ||| [376.22, 376.22] ||| 0.5009491443634033
 support ||| [376.22, 376.22] ||| 0.4528719186782837
 if ||| [376.22, 376.22] ||| 0.1893904060125351
 you ||| [376.22, 376.46] ||| 0.705066978931427
 have ||| [376.46, 376.46] ||| 0.7090088129043579
 any ||| [376.46, 376.5] ||| 0.9676886200904846
 kind ||| [376.5, 376.88] ||| 0.16699837148189545
 of ||| [376.88, 377.04] ||| 0.9938602447509766
 problem. ||| [377.04, 377.18] ||| 0.30302655696868896
 Okay, ||| [379.24, 379.88] ||| 0.12777592241764069
 sir. ||| [381.08, 381.46] ||| 0.5960299968719482
 Okay, ||| [381.56, 382.06] ||| 0.23868928849697113
 sir. ||| [382.18, 382.42] ||| 0.9680671691894531
 Share ||| [382.46, 382.7] ||| 0.043013110756874084
 the ||| [382.7, 382.7] ||| 0.6534549593925476
 link. ||| [382.7, 382.76] ||| 0.9058288931846619
 Share ||| [383.68, 383.78] ||| 0.834124743938446
 the ||| [383.78, 384.12] ||| 0.9575506448745728
 link. ||| [384.12, 384.24] ||| 0.9937304258346558
 Share ||| [384.24, 384.66] ||| 0.8503455519676208
 the ||| [384.66, 384.68] ||| 0.9781801700592041
 link. ||| [384.68, 385.5] ||| 0.9975751042366028
 Share ||| [385.96, 386.02] ||| 0.9142124056816101
 the ||| [386.02, 386.06] ||| 0.9858242273330688
 link. ||| [386.06, 386.42] ||| 0.9982582926750183
 Share ||| [386.42, 386.42] ||| 0.9448997974395752
 the ||| [386.42, 387.0] ||| 0.9886330962181091
 link. ||| [387.0, 387.0] ||| 0.9985859394073486
