 Yes ||| [0.6799999999999988, 1.12] ||| 0.16344322264194489
 sir, ||| [1.12, 1.34] ||| 0.46071314811706543
 can ||| [1.48, 1.6] ||| 0.2305692881345749
 you ||| [1.6, 1.6] ||| 0.9828457236289978
 hear ||| [1.6, 1.6] ||| 0.9355109930038452
 me ||| [1.6, 1.6] ||| 0.8336593508720398
 clearly ||| [1.6, 2.12] ||| 0.5789186358451843
 now? ||| [2.12, 2.5] ||| 0.44515281915664673
 One ||| [3.74, 4.18] ||| 0.3258435130119324
 minute, ||| [4.18, 4.38] ||| 0.7881487607955933
 I ||| [4.46, 4.56] ||| 0.4376075267791748
 am ||| [4.56, 4.6] ||| 0.2819245159626007
 here. ||| [4.6, 4.68] ||| 0.1594168245792389
 Yes ||| [5.36, 5.8] ||| 0.8078964948654175
 sir, ||| [5.8, 6.1] ||| 0.8643732666969299
 hello. ||| [6.16, 6.84] ||| 0.7866515517234802
 Hello. ||| [8.52, 8.96] ||| 0.9116941094398499
 Yes ||| [9.68, 10.12] ||| 0.7062788009643555
 sir, ||| [10.12, 10.32] ||| 0.949584424495697
 can ||| [10.4, 10.6] ||| 0.7689144015312195
 you ||| [10.6, 10.66] ||| 0.9954158067703247
 hear ||| [10.66, 10.66] ||| 0.9876692891120911
 me ||| [10.66, 10.66] ||| 0.8967472910881042
 clearly ||| [10.66, 11.1] ||| 0.9226443767547607
 now? ||| [11.1, 11.34] ||| 0.9578052759170532
 Yes, ||| [12.28, 12.72] ||| 0.8918516039848328
 please ||| [12.74, 12.98] ||| 0.3171188533306122
 tell ||| [12.98, 13.12] ||| 0.3195129334926605
 me. ||| [13.12, 13.26] ||| 0.7698644399642944
 Yes ||| [14.16, 14.6] ||| 0.7829375863075256
 sir, ||| [14.6, 14.8] ||| 0.9258623123168945
 actually ||| [14.9, 15.16] ||| 0.7661505937576294
 I ||| [15.16, 15.38] ||| 0.872283935546875
 am ||| [15.38, 15.52] ||| 0.4253694415092468
 talking ||| [15.52, 15.56] ||| 0.35513216257095337
 from ||| [15.56, 15.56] ||| 0.46068274974823
 Lucky ||| [15.56, 15.7] ||| 0.6508055925369263
 Star ||| [15.7, 15.88] ||| 0.6569979190826416
 Gaming ||| [15.88, 16.1] ||| 0.8686959147453308
 Company. ||| [16.1, 16.52] ||| 0.870903491973877
 Your ||| [17.64, 18.08] ||| 0.3579990863800049
 number ||| [18.08, 18.52] ||| 0.8682132959365845
 is ||| [18.52, 18.66] ||| 0.587546169757843
 registered. ||| [18.66, 18.94] ||| 0.17501826584339142
 What? ||| [19.12, 19.24] ||| 0.14144232869148254
 Sir, ||| [19.24, 19.24] ||| 0.35671669244766235
 I ||| [19.32, 19.78] ||| 0.8688265681266785
 am ||| [19.78, 19.8] ||| 0.9375350475311279
 talking ||| [19.8, 19.8] ||| 0.8738677501678467
 from ||| [19.8, 19.8] ||| 0.9570358991622925
 Lucky ||| [19.8, 19.92] ||| 0.974472165107727
 Star ||| [19.92, 20.2] ||| 0.9954614043235779
 Gaming ||| [20.2, 20.4] ||| 0.9942421317100525
 Company. ||| [20.4, 20.94] ||| 0.9776590466499329
 Which ||| [22.38, 22.82] ||| 0.711133599281311
 company? ||| [22.82, 23.14] ||| 0.9546158909797668
 Lucky ||| [24.22, 24.66] ||| 0.9604530930519104
 Star, ||| [24.66, 25.0] ||| 0.9289694428443909
 Lucky ||| [25.08, 25.28] ||| 0.7536469101905823
 Star. ||| [25.28, 25.54] ||| 0.9632648229598999
 This ||| [25.82, 26.26] ||| 0.2990502715110779
 is ||| [26.26, 26.26] ||| 0.8368302583694458
 a ||| [26.26, 26.54] ||| 0.9040226340293884
 gaming ||| [26.54, 26.88] ||| 0.9368495345115662
 company, ||| [26.88, 27.26] ||| 0.9932634234428406
 right ||| [27.46, 27.68] ||| 0.47569113969802856
 sir? ||| [27.68, 27.82] ||| 0.5499246716499329
 What? ||| [28.0, 28.32] ||| 0.2920110821723938
 Gaming ||| [28.32, 28.32] ||| 0.1776973456144333
 company. ||| [28.32, 28.74] ||| 0.8286155462265015
 Which ||| [28.74, 28.9] ||| 0.05100822448730469
 company? ||| [28.9, 29.12] ||| 0.8500301837921143
 Sir, ||| [30.98, 31.48] ||| 0.05290539562702179
 Lucky ||| [31.54, 31.56] ||| 0.42644447088241577
 Star. ||| [31.56, 31.92] ||| 0.5913815498352051
 Sorry ||| [33.76, 34.26] ||| 0.3463141918182373
 ma ||| [34.26, 34.58] ||| 0.40044713020324707
'am. ||| [34.58, 34.64] ||| 0.9606164395809174
 Yes ||| [35.32, 35.82] ||| 0.2952593266963959
 sir, ||| [35.82, 36.0] ||| 0.07224913686513901
 have ||| [36.0, 36.2] ||| 0.7033100724220276
 you ||| [36.2, 36.2] ||| 0.9964465498924255
 heard ||| [36.2, 36.2] ||| 0.9499574899673462
 the ||| [36.2, 36.2] ||| 0.3067302405834198
 name ||| [36.2, 36.2] ||| 0.9831724166870117
 of ||| [36.2, 36.2] ||| 0.45091933012008667
 Lucky ||| [36.2, 36.24] ||| 0.9400902986526489
 Star? ||| [36.24, 36.68] ||| 0.9453189373016357
 Where ||| [38.3, 38.8] ||| 0.3314133882522583
 are ||| [38.8, 39.06] ||| 0.959662675857544
 you ||| [39.06, 39.14] ||| 0.9791152477264404
 talking ||| [39.14, 39.22] ||| 0.8238577842712402
 from? ||| [39.22, 39.48] ||| 0.13531069457530975
 Sir, ||| [42.02, 42.52] ||| 0.9186524748802185
 I ||| [42.62, 42.7] ||| 0.8803070783615112
 am ||| [42.7, 42.7] ||| 0.6939264535903931
 talking ||| [42.7, 42.7] ||| 0.8033853769302368
 from ||| [42.7, 42.7] ||| 0.8311437964439392
 Lucky ||| [42.7, 42.82] ||| 0.978935718536377
 Star. ||| [42.82, 43.1] ||| 0.9597094058990479
 This ||| [43.84, 44.04] ||| 0.7003654837608337
 is ||| [44.04, 44.12] ||| 0.9856358766555786
 a ||| [44.12, 44.2] ||| 0.9793930053710938
 gaming ||| [44.2, 44.56] ||| 0.9351320862770081
 company ||| [44.56, 44.98] ||| 0.9876052141189575
 where ||| [44.98, 45.8] ||| 0.3981000781059265
 you ||| [45.8, 46.14] ||| 0.9598193168640137
 were ||| [46.14, 46.26] ||| 0.22460763156414032
 registering ||| [46.26, 46.66] ||| 0.8534478545188904
 and ||| [46.66, 47.14] ||| 0.5607483386993408
 I ||| [47.14, 47.38] ||| 0.4135120213031769
 was ||| [47.38, 48.06] ||| 0.7898924350738525
 calling ||| [48.06, 48.06] ||| 0.8800463676452637
 you ||| [48.06, 48.8] ||| 0.8866456747055054
 for ||| [48.8, 48.82] ||| 0.49606406688690186
 the ||| [48.82, 48.82] ||| 0.4894427955150604
 same ||| [48.82, 48.82] ||| 0.9618660807609558
 purpose ||| [48.82, 48.82] ||| 0.884600043296814
 to ||| [48.82, 48.9] ||| 0.5393016934394836
 tell ||| [48.9, 48.92] ||| 0.5297752618789673
 you ||| [48.92, 48.92] ||| 0.8582869172096252
 about ||| [48.92, 48.92] ||| 0.5399753451347351
 the ||| [48.92, 48.96] ||| 0.7034202218055725
 bonus ||| [48.96, 49.1] ||| 0.5801593661308289
 list. ||| [49.1, 49.32] ||| 0.9495522975921631
 Can ||| [50.32, 50.82] ||| 0.6882184147834778
 I ||| [50.82, 50.94] ||| 0.9895755052566528
 know ||| [50.94, 51.04] ||| 0.9497422575950623
 your ||| [51.04, 51.1] ||| 0.9903272986412048
 name ||| [51.1, 51.42] ||| 0.9977800250053406
 so ||| [51.42, 52.0] ||| 0.8110474944114685
 that ||| [52.0, 52.12] ||| 0.8982638716697693
 I ||| [52.12, 52.28] ||| 0.980042576789856
 can ||| [52.28, 52.7] ||| 0.9315957427024841
 provide ||| [52.7, 52.7] ||| 0.863937258720398
 you ||| [52.7, 52.7] ||| 0.791196882724762
 further ||| [52.7, 52.8] ||| 0.5900379419326782
 information? ||| [52.8, 53.38] ||| 0.9531733393669128
 Why? ||| [55.32, 55.82] ||| 0.5046153664588928
 For ||| [55.82, 56.12] ||| 0.554316520690918
 what? ||| [56.12, 56.22] ||| 0.6097343564033508
 Sir, ||| [57.5, 58.0] ||| 0.8865319490432739
 bonus ||| [58.34, 58.52] ||| 0.2601989209651947
 list. ||| [58.52, 58.72] ||| 0.8696143627166748
 To ||| [58.74, 59.0] ||| 0.03205214440822601
 tell ||| [59.0, 59.04] ||| 0.4772075414657593
 you ||| [59.04, 59.34] ||| 0.49156397581100464
 about ||| [59.34, 59.58] ||| 0.27479442954063416
 the ||| [59.58, 59.58] ||| 0.6864201426506042
 bonus ||| [59.58, 59.58] ||| 0.13448065519332886
 list. ||| [59.58, 59.58] ||| 0.0005957951652817428
 No, ||| [60.44, 60.92] ||| 0.3269815742969513
 no, ||| [60.94, 61.06] ||| 0.43019217252731323
 I ||| [61.08, 61.2] ||| 0.3745115399360657
 am ||| [61.2, 61.2] ||| 0.5918124318122864
 sorry. ||| [61.2, 61.46] ||| 0.8669939041137695
 No, ||| [62.58, 63.06] ||| 0.4089447259902954
 no, ||| [63.08, 63.18] ||| 0.46750256419181824
 the ||| [63.18, 63.34] ||| 0.3413488268852234
 bonus ||| [63.34, 63.76] ||| 0.3131958842277527
 list ||| [63.76, 64.06] ||| 0.5973715782165527
 you ||| [64.06, 64.3] ||| 0.44101229310035706
 will ||| [64.3, 64.3] ||| 0.710033655166626
 get, ||| [64.3, 64.3] ||| 0.8731964826583862
 you ||| [64.68, 64.88] ||| 0.1866016983985901
 have ||| [64.88, 65.0] ||| 0.5153248906135559
 to ||| [65.0, 65.0] ||| 0.9844655394554138
 give ||| [65.0, 65.0] ||| 0.7454001903533936
 a ||| [65.0, 65.0] ||| 0.35094377398490906
 lot ||| [65.0, 65.0] ||| 0.9881598949432373
 of ||| [65.0, 65.24] ||| 0.9918051958084106
 information. ||| [65.24, 65.54] ||| 0.9253929853439331
 First, ||| [66.42, 66.9] ||| 0.17037688195705414
 on ||| [67.14, 67.38] ||| 0.34484031796455383
 5 ||| [67.38, 67.38] ||| 0.39249518513679504
-4 ||| [67.38, 68.06] ||| 0.6958399564027786
 deposits, ||| [68.06, 68.48] ||| 0.8809583783149719
 you ||| [68.7, 69.22] ||| 0.7783544063568115
 will ||| [69.22, 69.48] ||| 0.2763461470603943
 get ||| [69.48, 69.48] ||| 0.44922131299972534
 a ||| [69.48, 69.5] ||| 0.4366888999938965
 bonus ||| [69.5, 69.7] ||| 0.4926309287548065
 of ||| [69.7, 69.7] ||| 0.9308978319168091
 500%. ||| [69.7, 70.94] ||| 0.6378526389598846
 Like ||| [71.92, 72.4] ||| 0.42568543553352356
 on ||| [72.4, 72.64] ||| 0.45209917426109314
 the ||| [72.64, 72.74] ||| 0.7049700021743774
 first ||| [72.74, 72.8] ||| 0.8770580887794495
 deposit, ||| [72.8, 74.26] ||| 0.9897124767303467
 you ||| [74.42, 74.7] ||| 0.6305087208747864
 will ||| [74.7, 74.76] ||| 0.9666717052459717
 get ||| [74.76, 74.76] ||| 0.7359659075737
 a ||| [74.76, 74.76] ||| 0.8370025157928467
 bonus ||| [74.76, 74.78] ||| 0.5723921060562134
 of ||| [74.78, 74.78] ||| 0.9891995191574097
 200. ||| [74.78, 75.18] ||| 0.9615022540092468
 On ||| [76.4, 76.88] ||| 0.8756809234619141
 the ||| [76.88, 76.88] ||| 0.9604588150978088
 second ||| [76.88, 77.02] ||| 0.9584218263626099
 deposit, ||| [77.02, 77.46] ||| 0.9871513843536377
 you ||| [77.6, 77.7] ||| 0.9874994158744812
 will ||| [77.7, 77.8] ||| 0.9791877269744873
 get ||| [77.8, 77.8] ||| 0.935944139957428
 a ||| [77.8, 77.8] ||| 0.9813015460968018
 bonus ||| [77.8, 77.9] ||| 0.8602046966552734
 of ||| [77.9, 77.9] ||| 0.9972578883171082
 150. ||| [77.9, 78.18] ||| 0.9508686661720276
 On ||| [79.48, 79.96] ||| 0.8643036484718323
 the ||| [79.96, 80.08] ||| 0.9840546250343323
 third ||| [80.08, 80.12] ||| 0.9554126262664795
 deposit, ||| [80.12, 80.62] ||| 0.9950214624404907
 you ||| [80.72, 80.86] ||| 0.9463236331939697
 will ||| [80.86, 81.22] ||| 0.9864566326141357
 get ||| [81.22, 81.64] ||| 0.8885785341262817
 a ||| [81.64, 81.88] ||| 0.8443104028701782
 bonus ||| [81.88, 82.56] ||| 0.7496215105056763
 of ||| [82.56, 82.82] ||| 0.9744406938552856
 100 ||| [82.82, 84.2] ||| 0.9579156041145325
 and ||| [84.2, 85.66] ||| 0.2808120548725128
 on ||| [85.66, 85.94] ||| 0.7294105291366577
 the ||| [85.94, 86.04] ||| 0.9697487354278564
 fourth ||| [86.04, 86.1] ||| 0.9280562996864319
 deposit, ||| [86.1, 86.52] ||| 0.9774439930915833
 you ||| [86.66, 86.8] ||| 0.7074019908905029
 will ||| [86.8, 86.8] ||| 0.9510495662689209
 get ||| [86.8, 86.8] ||| 0.9814590215682983
 a ||| [86.8, 86.8] ||| 0.9793279767036438
 bonus ||| [86.8, 86.8] ||| 0.951958954334259
 of ||| [86.8, 86.8] ||| 0.9945520758628845
 50. ||| [86.8, 86.94] ||| 0.9938951134681702
 Sir, ||| [87.96000000000001, 88.4] ||| 0.012561352923512459
 I ||| [88.42, 88.42] ||| 0.35329529643058777
 will ||| [88.42, 88.42] ||| 0.15476152300834656
 keep ||| [88.42, 88.48] ||| 0.19099603593349457
 it. ||| [88.48, 88.66] ||| 0.3404752016067505
 Yes ||| [90.22, 90.66] ||| 0.2121347039937973
 sir. ||| [90.66, 91.0] ||| 0.2880595028400421
 I ||| [91.66, 92.1] ||| 0.5235480070114136
 will ||| [92.1, 92.2] ||| 0.8246361017227173
 keep ||| [92.2, 92.34] ||| 0.9194338917732239
 it. ||| [92.34, 92.42] ||| 0.9084892272949219
 Sir, ||| [94.04, 94.48] ||| 0.6525742411613464
 I ||| [94.54, 94.66] ||| 0.23497769236564636
 was ||| [94.66, 95.04] ||| 0.02598106488585472
 calling ||| [95.04, 96.16] ||| 0.7881040573120117
 you ||| [96.16, 96.5] ||| 0.47072747349739075
 to ||| [96.5, 96.5] ||| 0.8236590027809143
 tell ||| [96.5, 96.5] ||| 0.5552918314933777
 you ||| [96.5, 96.52] ||| 0.8878301382064819
 about ||| [96.52, 96.88] ||| 0.6694585084915161
 the ||| [96.88, 96.92] ||| 0.7684670686721802
 bonus ||| [96.92, 97.04] ||| 0.12150038778781891
 list ||| [97.04, 97.24] ||| 0.0007910524145700037
 because ||| [97.24, 98.32] ||| 0.1770728975534439
 I ||| [98.32, 98.32] ||| 0.18276187777519226
 was ||| [98.32, 98.32] ||| 0.05208636075258255
 registering ||| [98.32, 98.82] ||| 0.1623668670654297
 from ||| [98.82, 98.82] ||| 0.28283369541168213
 your ||| [98.82, 98.82] ||| 0.9626482129096985
 number. ||| [98.82, 98.82] ||| 0.8695196509361267
 Sir, ||| [99.12, 99.56] ||| 0.39545097947120667
 you ||| [99.66, 99.74] ||| 0.5095110535621643
 will ||| [99.74, 99.94] ||| 0.3765866756439209
 get ||| [99.94, 99.96] ||| 0.853013813495636
 all ||| [99.96, 99.96] ||| 0.9352573156356812
 the ||| [99.96, 100.1] ||| 0.9489054679870605
 information. ||| [100.1, 100.48] ||| 0.8928214311599731
 And ||| [101.62, 102.06] ||| 0.28281745314598083
 here, ||| [102.06, 102.26] ||| 0.5276434421539307
 free ||| [102.34, 102.54] ||| 0.6602954268455505
 coins ||| [102.54, 102.92] ||| 0.9857726693153381
 are ||| [102.92, 103.1] ||| 0.94073486328125
 also ||| [103.1, 103.16] ||| 0.9589895009994507
 given ||| [103.16, 103.24] ||| 0.9531876444816589
 from ||| [103.24, 103.66] ||| 0.5216659903526306
 the ||| [103.66, 103.9] ||| 0.9744489192962646
 company. ||| [103.9, 104.04] ||| 0.9877607822418213
 Like ||| [104.98, 105.42] ||| 0.6643069386482239
 one ||| [105.42, 105.64] ||| 0.21877983212471008
 coin ||| [105.64, 105.92] ||| 0.9805132746696472
 is ||| [105.92, 106.04] ||| 0.9634372591972351
 equal ||| [106.04, 106.28] ||| 0.9681556820869446
 to ||| [106.28, 106.44] ||| 0.9960708618164062
 1000 ||| [106.44, 106.8] ||| 0.654602587223053
 rupees, ||| [106.8, 107.22] ||| 0.6849666833877563
 sir. ||| [107.38, 107.46] ||| 0.8012588620185852
 And ||| [107.86, 108.3] ||| 0.8256383538246155
 when ||| [108.3, 108.52] ||| 0.9558387398719788
 these ||| [108.52, 108.68] ||| 0.6473081707954407
 coins ||| [108.68, 108.98] ||| 0.9863268136978149
 become ||| [108.98, 109.14] ||| 0.6324536800384521
 1000, ||| [109.14, 109.52] ||| 0.8841349482536316
 sir, ||| [109.94, 110.36] ||| 0.5700784921646118
 then ||| [110.56, 111.12] ||| 0.439831405878067
 you ||| [111.12, 111.2] ||| 0.9384425282478333
 can ||| [111.2, 112.08] ||| 0.9152605533599854
 withdraw ||| [112.08, 112.08] ||| 0.9882490634918213
 it ||| [112.08, 112.08] ||| 0.7237427830696106
 in ||| [112.08, 112.18] ||| 0.7805610299110413
 real ||| [112.18, 112.42] ||| 0.6172414422035217
 money. ||| [112.42, 112.64] ||| 0.9916585087776184
 Sir, ||| [113.98, 114.42] ||| 0.3815380334854126
 you ||| [114.62, 114.62] ||| 0.7113246917724609
 are ||| [114.62, 114.84] ||| 0.2918115258216858
 here, ||| [114.84, 114.92] ||| 0.9262757301330566
 right? ||| [115.12, 115.28] ||| 0.5714311599731445
 Yes ||| [115.44, 115.88] ||| 0.09599070996046066
 sir. ||| [115.88, 116.1] ||| 0.2524017095565796
 Sir, ||| [116.1, 116.34] ||| 0.0014790045097470284
 you ||| [116.34, 116.36] ||| 0.03934036195278168
 are ||| [116.36, 116.66] ||| 0.19115088880062103
 here, ||| [116.66, 116.7] ||| 0.0214832816272974
 right? ||| [116.7, 116.84] ||| 0.3634410798549652
