 Здравствуйте! ||| [1.6600000000000001, 2.16] ||| 0.5724805071949959
 Здравствуйте! ||| [3.14, 3.64] ||| 0.7146207690238953
 Меня ||| [4.0, 4.42] ||| 0.994030237197876
 зовут ||| [4.42, 4.54] ||| 0.992664635181427
 Евгения, ||| [4.54, 4.92] ||| 0.9597435394922892
 мессенджер ||| [4.96, 5.24] ||| 0.9394011855125427
 компании ||| [5.24, 5.48] ||| 0.9703235030174255
 OneWin. ||| [5.48, 6.06] ||| 0.83061550060908
 Удобно ||| [6.18, 6.42] ||| 0.9463582783937454
 сейчас ||| [6.42, 6.56] ||| 0.902774453163147
 разговаривать? ||| [6.56, 7.14] ||| 0.9987120628356934
 Нет, ||| [8.28, 8.78] ||| 0.9721097350120544
 если ||| [8.9, 9.12] ||| 0.7644166946411133
 я ||| [9.12, 9.3] ||| 0.9984257221221924
 не ||| [9.3, 9.42] ||| 0.9992497563362122
 беру, ||| [9.42, 9.7] ||| 0.9992361664772034
 зачем ||| [9.74, 9.94] ||| 0.8928976058959961
 вы ||| [9.94, 10.12] ||| 0.6543581485748291
 звоните? ||| [10.12, 10.52] ||| 0.9254957139492035
 Вы ||| [10.64, 10.78] ||| 0.874915361404419
 же ||| [10.78, 10.88] ||| 0.7466561198234558
 можете ||| [10.88, 11.16] ||| 0.96494060754776
 написать ||| [11.16, 11.68] ||| 0.9475430250167847
 мне? ||| [11.68, 11.8] ||| 0.9994422793388367
 Вам ||| [12.56, 13.06] ||| 0.9707599878311157
 написать ||| [13.06, 13.56] ||| 0.9993807673454285
 в ||| [13.56, 13.9] ||| 0.7021206617355347
 каком ||| [13.9, 14.42] ||| 0.9860520362854004
 мессенджере? ||| [14.42, 14.88] ||| 0.9996437311172486
 Я ||| [15.18, 15.68] ||| 0.023263471201062202
 успел. ||| [15.68, 15.88] ||| 0.8393064141273499
 Телеграмме? ||| [15.94, 16.44] ||| 0.8620698571205139
 Вам ||| [16.84, 17.34] ||| 0.9888307452201843
 не ||| [17.34, 17.5] ||| 0.9975023865699768
 сказали? ||| [17.5, 17.88] ||| 0.9986967742443085
 К ||| [18.76, 19.26] ||| 0.999278724193573
 сожалению, ||| [19.26, 19.54] ||| 0.9914218783378601
 да, ||| [19.54, 19.78] ||| 0.9996645450592041
 мне ||| [19.8, 19.9] ||| 0.9979960918426514
 не ||| [19.9, 20.06] ||| 0.9988479614257812
 передали ||| [20.06, 20.5] ||| 0.9997140467166901
 такую ||| [20.5, 20.64] ||| 0.9968661665916443
 информацию. ||| [20.64, 21.18] ||| 0.9999731779098511
 К ||| [22.06, 22.12] ||| 0.0003942139446735382
 сожалению, ||| [22.12, 22.12] ||| 0.07179819792509079
 да, ||| [22.12, 22.12] ||| 0.6874505877494812
 мне ||| [22.12, 22.12] ||| 0.9426696300506592
 не ||| [22.12, 22.12] ||| 0.9969149827957153
 передали ||| [22.12, 22.12] ||| 0.9977888464927673
 такую ||| [22.12, 22.12] ||| 0.9433379173278809
 информацию. ||| [22.12, 22.12] ||| 0.9996530413627625
 Ну, ||| [22.42, 22.92] ||| 0.2646264135837555
 мы ||| [23.02, 23.06] ||| 0.2743411660194397
 будем ||| [23.06, 23.06] ||| 0.47881150245666504
 передать ||| [23.06, 23.06] ||| 0.8433540463447571
 тебе. ||| [23.06, 23.06] ||| 0.8003919720649719
 А ||| [23.06, 23.08] ||| 0.23275509476661682
 я ||| [23.08, 23.18] ||| 0.9284953474998474
 тогда ||| [23.18, 23.24] ||| 0.5227766036987305
 вам ||| [23.24, 23.5] ||| 0.8925821781158447
 напишу ||| [23.5, 24.04] ||| 0.9996118346850077
 в ||| [24.04, 24.3] ||| 0.999697208404541
 телеграм. ||| [24.3, 24.88] ||| 0.8244822124640147
 Хорошо, ||| [26.06, 26.56] ||| 0.9758058786392212
 договорились. ||| [26.66, 27.12] ||| 0.9965021212895712
 Всего ||| [28.26, 28.76] ||| 0.9712439179420471
 доброго! ||| [28.76, 29.06] ||| 0.9998736381530762
